v 1 3
v 2 4
v 3 24
v 4 45
v 5 65
v 6 66
v 7 87
v 8 88
v 9 108
v 10 109
v 11 129
v 12 130
v 13 150
v 14 151
v 15 131
v 16 151
v 17 150
v 18 130
v 19 129
v 20 128
v 21 108
v 22 88
v 23 87
v 24 67
v 25 66
v 26 46
v 27 45
v 28 25
v 29 24
v 30 23
v 31 43
v 32 62
v 33 82
v 34 81
v 35 101
v 36 81
v 37 61
v 38 41
v 39 21
v 40 1
e 1 2 0
e 2 3 1
e 3 4 2
e 4 5 3
e 5 6 4
e 6 7 5
e 7 8 6
e 8 9 7
e 9 10 8
e 10 11 9
e 11 12 10
e 12 13 11
e 13 14 12
e 14 15 13
e 15 16 14
e 16 17 15
e 17 18 16
e 18 19 17
e 19 20 18
e 20 21 19
e 21 22 20
e 22 23 21
e 23 24 22
e 24 25 23
e 25 26 24
e 26 27 25
e 27 28 26
e 28 29 27
e 29 30 28
e 30 31 29
e 31 32 30
e 32 33 31
e 33 34 32
e 34 35 33
e 35 36 34
e 36 37 35
e 37 38 36
e 38 39 37
e 39 40 38
