v 1 263
v 2 243
v 3 244
v 4 224
v 5 204
v 6 184
v 7 164
v 8 165
v 9 145
v 10 125
v 11 126
v 12 106
v 13 107
v 14 108
v 15 109
v 16 130
v 17 131
v 18 151
v 19 152
v 20 172
v 21 173
v 22 193
v 23 194
v 24 214
v 25 215
v 26 235
v 27 236
v 28 257
v 29 278
v 30 258
v 31 257
v 32 237
v 33 236
v 34 216
v 35 195
v 36 174
v 37 173
v 38 152
v 39 151
v 40 131
v 41 111
v 42 110
v 43 90
v 44 89
v 45 69
v 46 68
v 47 48
v 48 27
v 49 7
e 1 2 0
e 2 3 1
e 3 4 2
e 4 5 3
e 5 6 4
e 6 7 5
e 7 8 6
e 8 9 7
e 9 10 8
e 10 11 9
e 11 12 10
e 12 13 11
e 13 14 12
e 14 15 13
e 15 16 14
e 16 17 15
e 17 18 16
e 18 19 17
e 19 20 18
e 20 21 19
e 21 22 20
e 22 23 21
e 23 24 22
e 24 25 23
e 25 26 24
e 26 27 25
e 27 28 26
e 28 29 27
e 29 30 28
e 30 31 29
e 31 32 30
e 32 33 31
e 33 34 32
e 34 35 33
e 35 36 34
e 36 37 35
e 37 38 36
e 38 39 37
e 39 40 38
e 40 41 39
e 41 42 40
e 42 43 41
e 43 44 42
e 44 45 43
e 45 46 44
e 46 47 45
e 47 48 46
e 48 49 47
