v 1 9
v 2 28
v 3 29
v 4 28
v 5 48
v 6 49
v 7 69
v 8 70
v 9 90
v 10 91
v 11 111
v 12 91
v 13 111
v 14 112
v 15 113
v 16 134
v 17 135
v 18 155
v 19 175
v 20 196
v 21 195
v 22 196
v 23 195
v 24 194
v 25 193
v 26 192
v 27 212
v 28 211
v 29 210
v 30 209
v 31 229
v 32 228
v 33 227
v 34 226
v 35 246
v 36 245
v 37 244
v 38 264
v 39 263
e 1 2 0
e 2 3 1
e 3 4 2
e 4 5 3
e 5 6 4
e 6 7 5
e 7 8 6
e 8 9 7
e 9 10 8
e 10 11 9
e 11 12 10
e 12 13 11
e 13 14 12
e 14 15 13
e 15 16 14
e 16 17 15
e 17 18 16
e 18 19 17
e 19 20 18
e 20 21 19
e 21 22 20
e 22 23 21
e 23 24 22
e 24 25 23
e 25 26 24
e 26 27 25
e 27 28 26
e 28 29 27
e 29 30 28
e 30 31 29
e 31 32 30
e 32 33 31
e 33 34 32
e 34 35 33
e 35 36 34
e 36 37 35
e 37 38 36
e 38 39 37
