v 1 14
v 2 34
v 3 33
v 4 53
v 5 52
v 6 72
v 7 71
v 8 90
v 9 89
v 10 109
v 11 108
v 12 128
v 13 147
v 14 146
v 15 166
v 16 165
v 17 185
v 18 184
v 19 204
v 20 203
v 21 224
v 22 204
v 23 184
v 24 164
v 25 144
v 26 124
v 27 104
v 28 84
v 29 64
v 30 44
v 31 23
v 32 3
e 1 2 0
e 2 3 1
e 3 4 2
e 4 5 3
e 5 6 4
e 6 7 5
e 7 8 6
e 8 9 7
e 9 10 8
e 10 11 9
e 11 12 10
e 12 13 11
e 13 14 12
e 14 15 13
e 15 16 14
e 16 17 15
e 17 18 16
e 18 19 17
e 19 20 18
e 20 21 19
e 21 22 20
e 22 23 21
e 23 24 22
e 24 25 23
e 25 26 24
e 26 27 25
e 27 28 26
e 28 29 27
e 29 30 28
e 30 31 29
e 31 32 30
