v 1 140
v 2 120
v 3 121
v 4 102
v 5 103
v 6 104
v 7 124
v 8 125
v 9 126
v 10 146
v 11 147
v 12 148
v 13 168
v 14 169
v 15 170
v 16 190
v 17 191
v 18 211
v 19 212
v 20 213
v 21 233
v 22 234
v 23 235
v 24 256
v 25 257
v 26 277
v 27 278
v 28 279
e 1 2 0
e 2 3 1
e 3 4 2
e 4 5 3
e 5 6 4
e 6 7 5
e 7 8 6
e 8 9 7
e 9 10 8
e 10 11 9
e 11 12 10
e 12 13 11
e 13 14 12
e 14 15 13
e 15 16 14
e 16 17 15
e 17 18 16
e 18 19 17
e 19 20 18
e 20 21 19
e 21 22 20
e 22 23 21
e 23 24 22
e 24 25 23
e 25 26 24
e 26 27 25
e 27 28 26
