v 1 59
v 2 79
v 3 59
v 4 79
v 5 78
v 6 77
v 7 97
v 8 96
v 9 115
v 10 114
v 11 134
v 12 154
v 13 174
v 14 173
v 15 193
v 16 213
v 17 212
v 18 211
v 19 191
v 20 190
v 21 189
v 22 188
v 23 187
v 24 186
v 25 185
v 26 165
v 27 164
v 28 163
v 29 162
v 30 182
v 31 162
v 32 161
e 1 2 0
e 2 3 1
e 3 4 2
e 4 5 3
e 5 6 4
e 6 7 5
e 7 8 6
e 8 9 7
e 9 10 8
e 10 11 9
e 11 12 10
e 12 13 11
e 13 14 12
e 14 15 13
e 15 16 14
e 16 17 15
e 17 18 16
e 18 19 17
e 19 20 18
e 20 21 19
e 21 22 20
e 22 23 21
e 23 24 22
e 24 25 23
e 25 26 24
e 26 27 25
e 27 28 26
e 28 29 27
e 29 30 28
e 30 31 29
e 31 32 30
