v 1 7
v 2 27
v 3 47
v 4 68
v 5 88
v 6 108
v 7 128
v 8 148
v 9 168
v 10 167
v 11 188
v 12 207
v 13 228
v 14 227
v 15 228
v 16 227
v 17 247
v 18 268
v 19 267
v 20 268
v 21 248
v 22 249
v 23 229
v 24 230
v 25 210
v 26 211
v 27 191
v 28 172
v 29 152
v 30 153
v 31 133
v 32 113
v 33 114
v 34 94
v 35 74
v 36 75
v 37 55
v 38 36
v 39 16
v 40 17
e 1 2 0
e 2 3 1
e 3 4 2
e 4 5 3
e 5 6 4
e 6 7 5
e 7 8 6
e 8 9 7
e 9 10 8
e 10 11 9
e 11 12 10
e 12 13 11
e 13 14 12
e 14 15 13
e 15 16 14
e 16 17 15
e 17 18 16
e 18 19 17
e 19 20 18
e 20 21 19
e 21 22 20
e 22 23 21
e 23 24 22
e 24 25 23
e 25 26 24
e 26 27 25
e 27 28 26
e 28 29 27
e 29 30 28
e 30 31 29
e 31 32 30
e 32 33 31
e 33 34 32
e 34 35 33
e 35 36 34
e 36 37 35
e 37 38 36
e 38 39 37
e 39 40 38
