v 1 264
v 2 263
v 3 264
v 4 244
v 5 245
v 6 225
v 7 226
v 8 207
v 9 208
v 10 188
v 11 189
v 12 169
v 13 170
v 14 150
v 15 151
v 16 131
v 17 132
v 18 112
v 19 113
v 20 93
v 21 94
v 22 74
v 23 55
v 24 35
v 25 36
v 26 16
v 27 17
v 28 18
v 29 19
v 30 18
v 31 19
v 32 38
v 33 37
v 34 36
v 35 35
v 36 15
v 37 14
v 38 15
v 39 16
v 40 17
v 41 37
v 42 38
v 43 58
v 44 59
v 45 58
v 46 57
v 47 37
v 48 36
v 49 35
v 50 14
e 1 2 0
e 2 3 1
e 3 4 2
e 4 5 3
e 5 6 4
e 6 7 5
e 7 8 6
e 8 9 7
e 9 10 8
e 10 11 9
e 11 12 10
e 12 13 11
e 13 14 12
e 14 15 13
e 15 16 14
e 16 17 15
e 17 18 16
e 18 19 17
e 19 20 18
e 20 21 19
e 21 22 20
e 22 23 21
e 23 24 22
e 24 25 23
e 25 26 24
e 26 27 25
e 27 28 26
e 28 29 27
e 29 30 28
e 30 31 29
e 31 32 30
e 32 33 31
e 33 34 32
e 34 35 33
e 35 36 34
e 36 37 35
e 37 38 36
e 38 39 37
e 39 40 38
e 40 41 39
e 41 42 40
e 42 43 41
e 43 44 42
e 44 45 43
e 45 46 44
e 46 47 45
e 47 48 46
e 48 49 47
e 49 50 48
