v 1 7
v 2 8
v 3 28
v 4 49
v 5 50
v 6 70
v 7 71
v 8 72
v 9 92
v 10 93
v 11 113
v 12 114
v 13 134
v 14 135
v 15 155
v 16 156
v 17 176
v 18 177
v 19 197
v 20 217
v 21 218
v 22 217
v 23 197
v 24 177
v 25 157
v 26 137
v 27 138
v 28 118
v 29 119
v 30 139
v 31 159
v 32 179
v 33 199
v 34 219
e 1 2 0
e 2 3 1
e 3 4 2
e 4 5 3
e 5 6 4
e 6 7 5
e 7 8 6
e 8 9 7
e 9 10 8
e 10 11 9
e 11 12 10
e 12 13 11
e 13 14 12
e 14 15 13
e 15 16 14
e 16 17 15
e 17 18 16
e 18 19 17
e 19 20 18
e 20 21 19
e 21 22 20
e 22 23 21
e 23 24 22
e 24 25 23
e 25 26 24
e 26 27 25
e 27 28 26
e 28 29 27
e 29 30 28
e 30 31 29
e 31 32 30
e 32 33 31
e 33 34 32
