v 1 263
v 2 264
v 3 244
v 4 224
v 5 225
v 6 205
v 7 185
v 8 205
v 9 185
v 10 186
v 11 166
v 12 167
v 13 147
v 14 127
v 15 128
v 16 108
v 17 88
v 18 68
v 19 48
v 20 49
v 21 29
v 22 28
v 23 48
v 24 49
v 25 50
v 26 51
v 27 71
v 28 72
v 29 73
v 30 74
v 31 54
v 32 34
v 33 14
v 34 15
v 35 16
v 36 36
v 37 37
v 38 36
v 39 37
v 40 38
v 41 39
v 42 59
v 43 79
v 44 99
v 45 119
e 1 2 0
e 2 3 1
e 3 4 2
e 4 5 3
e 5 6 4
e 6 7 5
e 7 8 6
e 8 9 7
e 9 10 8
e 10 11 9
e 11 12 10
e 12 13 11
e 13 14 12
e 14 15 13
e 15 16 14
e 16 17 15
e 17 18 16
e 18 19 17
e 19 20 18
e 20 21 19
e 21 22 20
e 22 23 21
e 23 24 22
e 24 25 23
e 25 26 24
e 26 27 25
e 27 28 26
e 28 29 27
e 29 30 28
e 30 31 29
e 31 32 30
e 32 33 31
e 33 34 32
e 34 35 33
e 35 36 34
e 36 37 35
e 37 38 36
e 38 39 37
e 39 40 38
e 40 41 39
e 41 42 40
e 42 43 41
e 43 44 42
e 44 45 43
