v 1 14
v 2 34
v 3 53
v 4 52
v 5 51
v 6 31
v 7 30
v 8 50
v 9 51
v 10 31
v 11 51
v 12 30
v 13 51
v 14 50
v 15 30
v 16 50
v 17 51
v 18 50
v 19 31
v 20 50
v 21 51
v 22 31
v 23 50
v 24 51
v 25 50
v 26 51
v 27 31
v 28 30
v 29 50
v 30 31
v 31 30
v 32 50
v 33 69
v 34 89
v 35 88
v 36 108
v 37 107
v 38 127
v 39 146
v 40 166
v 41 185
v 42 205
v 43 224
v 44 244
v 45 264
v 46 263
v 47 283
e 1 2 0
e 2 3 1
e 3 4 2
e 4 5 3
e 5 6 4
e 6 7 5
e 7 8 6
e 8 9 7
e 9 10 8
e 10 11 9
e 11 12 10
e 12 13 11
e 13 14 12
e 14 15 13
e 15 16 14
e 16 17 15
e 17 18 16
e 18 19 17
e 19 20 18
e 20 21 19
e 21 22 20
e 22 23 21
e 23 24 22
e 24 25 23
e 25 26 24
e 26 27 25
e 27 28 26
e 28 29 27
e 29 30 28
e 30 31 29
e 31 32 30
e 32 33 31
e 33 34 32
e 34 35 33
e 35 36 34
e 36 37 35
e 37 38 36
e 38 39 37
e 39 40 38
e 40 41 39
e 41 42 40
e 42 43 41
e 43 44 42
e 44 45 43
e 45 46 44
e 46 47 45
