v 1 7
v 2 28
v 3 48
v 4 49
v 5 50
v 6 70
v 7 71
v 8 72
v 9 73
v 10 94
v 11 95
v 12 96
v 13 97
v 14 98
v 15 119
v 16 139
v 17 159
v 18 179
v 19 199
v 20 179
v 21 199
v 22 179
v 23 199
v 24 179
v 25 199
v 26 179
v 27 199
v 28 179
v 29 199
v 30 179
v 31 159
v 32 139
v 33 119
v 34 118
v 35 98
v 36 97
v 37 96
v 38 95
v 39 94
v 40 93
v 41 92
v 42 91
v 43 71
v 44 70
v 45 69
v 46 70
v 47 71
v 48 72
v 49 53
v 50 54
v 51 34
v 52 35
v 53 36
v 54 16
v 55 17
v 56 18
e 1 2 0
e 2 3 1
e 3 4 2
e 4 5 3
e 5 6 4
e 6 7 5
e 7 8 6
e 8 9 7
e 9 10 8
e 10 11 9
e 11 12 10
e 12 13 11
e 13 14 12
e 14 15 13
e 15 16 14
e 16 17 15
e 17 18 16
e 18 19 17
e 19 20 18
e 20 21 19
e 21 22 20
e 22 23 21
e 23 24 22
e 24 25 23
e 25 26 24
e 26 27 25
e 27 28 26
e 28 29 27
e 29 30 28
e 30 31 29
e 31 32 30
e 32 33 31
e 33 34 32
e 34 35 33
e 35 36 34
e 36 37 35
e 37 38 36
e 38 39 37
e 39 40 38
e 40 41 39
e 41 42 40
e 42 43 41
e 43 44 42
e 44 45 43
e 45 46 44
e 46 47 45
e 47 48 46
e 48 49 47
e 49 50 48
e 50 51 49
e 51 52 50
e 52 53 51
e 53 54 52
e 54 55 53
e 55 56 54
