v 1 6
v 2 26
v 3 5
v 4 25
v 5 45
v 6 65
v 7 85
v 8 84
v 9 85
v 10 84
v 11 104
v 12 85
v 13 86
v 14 67
v 15 87
v 16 88
v 17 67
v 18 88
v 19 89
v 20 90
v 21 71
v 22 72
v 23 73
v 24 54
v 25 55
v 26 35
v 27 36
v 28 16
v 29 15
v 30 35
v 31 34
v 32 35
v 33 55
v 34 35
v 35 55
v 36 35
v 37 55
v 38 35
v 39 55
v 40 35
v 41 55
v 42 35
v 43 55
v 44 35
v 45 55
v 46 35
v 47 55
v 48 35
v 49 55
v 50 54
v 51 53
v 52 73
v 53 72
v 54 71
v 55 90
v 56 110
v 57 109
v 58 129
v 59 128
v 60 148
v 61 147
v 62 167
v 63 166
v 64 186
v 65 205
v 66 225
v 67 224
v 68 244
v 69 243
v 70 263
v 71 283
e 1 2 0
e 2 3 1
e 3 4 2
e 4 5 3
e 5 6 4
e 6 7 5
e 7 8 6
e 8 9 7
e 9 10 8
e 10 11 9
e 11 12 10
e 12 13 11
e 13 14 12
e 14 15 13
e 15 16 14
e 16 17 15
e 17 18 16
e 18 19 17
e 19 20 18
e 20 21 19
e 21 22 20
e 22 23 21
e 23 24 22
e 24 25 23
e 25 26 24
e 26 27 25
e 27 28 26
e 28 29 27
e 29 30 28
e 30 31 29
e 31 32 30
e 32 33 31
e 33 34 32
e 34 35 33
e 35 36 34
e 36 37 35
e 37 38 36
e 38 39 37
e 39 40 38
e 40 41 39
e 41 42 40
e 42 43 41
e 43 44 42
e 44 45 43
e 45 46 44
e 46 47 45
e 47 48 46
e 48 49 47
e 49 50 48
e 50 51 49
e 51 52 50
e 52 53 51
e 53 54 52
e 54 55 53
e 55 56 54
e 56 57 55
e 57 58 56
e 58 59 57
e 59 60 58
e 60 61 59
e 61 62 60
e 62 63 61
e 63 64 62
e 64 65 63
e 65 66 64
e 66 67 65
e 67 68 66
e 68 69 67
e 69 70 68
e 70 71 69
