v 1 9
v 2 8
v 3 28
v 4 48
v 5 68
v 6 67
v 7 87
v 8 107
v 9 127
v 10 147
v 11 167
v 12 187
v 13 207
v 14 227
v 15 247
v 16 267
v 17 266
v 18 267
v 19 247
v 20 248
v 21 228
v 22 229
v 23 209
v 24 210
v 25 190
v 26 171
v 27 172
v 28 152
v 29 153
v 30 133
v 31 94
v 32 95
v 33 75
v 34 56
v 35 36
v 36 17
v 37 18
v 38 19
e 1 2 0
e 2 3 1
e 3 4 2
e 4 5 3
e 5 6 4
e 6 7 5
e 7 8 6
e 8 9 7
e 9 10 8
e 10 11 9
e 11 12 10
e 12 13 11
e 13 14 12
e 14 15 13
e 15 16 14
e 16 17 15
e 17 18 16
e 18 19 17
e 19 20 18
e 20 21 19
e 21 22 20
e 22 23 21
e 23 24 22
e 24 25 23
e 25 26 24
e 26 27 25
e 27 28 26
e 28 29 27
e 29 30 28
e 30 31 29
e 31 32 30
e 32 33 31
e 33 34 32
e 34 35 33
e 35 36 34
e 36 37 35
e 37 38 36
