v 1 298
v 2 278
v 3 277
v 4 257
v 5 256
v 6 255
v 7 254
v 8 253
v 9 233
v 10 232
v 11 231
v 12 230
v 13 210
v 14 209
v 15 189
v 16 188
v 17 168
v 18 167
v 19 147
v 20 146
v 21 126
v 22 125
v 23 105
v 24 84
v 25 64
v 26 44
v 27 23
v 28 3
e 1 2 0
e 2 3 1
e 3 4 2
e 4 5 3
e 5 6 4
e 6 7 5
e 7 8 6
e 8 9 7
e 9 10 8
e 10 11 9
e 11 12 10
e 12 13 11
e 13 14 12
e 14 15 13
e 15 16 14
e 16 17 15
e 17 18 16
e 18 19 17
e 19 20 18
e 20 21 19
e 21 22 20
e 22 23 21
e 23 24 22
e 24 25 23
e 25 26 24
e 26 27 25
e 27 28 26
