v 1 161
v 2 162
v 3 142
v 4 143
v 5 123
v 6 103
v 7 104
v 8 84
v 9 64
v 10 65
v 11 45
v 12 46
v 13 47
v 14 48
v 15 69
v 16 70
v 17 71
v 18 72
v 19 52
v 20 53
v 21 54
v 22 34
v 23 35
v 24 16
v 25 17
v 26 16
v 27 17
v 28 16
v 29 17
v 30 37
v 31 17
v 32 37
v 33 17
v 34 18
v 35 39
v 36 38
v 37 58
v 38 57
v 39 77
v 40 76
v 41 96
v 42 95
v 43 115
v 44 114
v 45 113
v 46 133
v 47 132
v 48 152
v 49 151
v 50 150
v 51 170
v 52 169
v 53 168
v 54 188
v 55 187
v 56 186
v 57 206
v 58 225
v 59 224
v 60 244
v 61 264
v 62 263
e 1 2 0
e 2 3 1
e 3 4 2
e 4 5 3
e 5 6 4
e 6 7 5
e 7 8 6
e 8 9 7
e 9 10 8
e 10 11 9
e 11 12 10
e 12 13 11
e 13 14 12
e 14 15 13
e 15 16 14
e 16 17 15
e 17 18 16
e 18 19 17
e 19 20 18
e 20 21 19
e 21 22 20
e 22 23 21
e 23 24 22
e 24 25 23
e 25 26 24
e 26 27 25
e 27 28 26
e 28 29 27
e 29 30 28
e 30 31 29
e 31 32 30
e 32 33 31
e 33 34 32
e 34 35 33
e 35 36 34
e 36 37 35
e 37 38 36
e 38 39 37
e 39 40 38
e 40 41 39
e 41 42 40
e 42 43 41
e 43 44 42
e 44 45 43
e 45 46 44
e 46 47 45
e 47 48 46
e 48 49 47
e 49 50 48
e 50 51 49
e 51 52 50
e 52 53 51
e 53 54 52
e 54 55 53
e 55 56 54
e 56 57 55
e 57 58 56
e 58 59 57
e 59 60 58
e 60 61 59
e 61 62 60
