v 1 263
v 2 264
v 3 244
v 4 225
v 5 205
v 6 206
v 7 186
v 8 187
v 9 167
v 10 168
v 11 148
v 12 149
v 13 129
v 14 110
v 15 111
v 16 91
v 17 92
v 18 72
v 19 73
v 20 53
v 21 54
v 22 34
v 23 35
v 24 15
v 25 16
v 26 15
v 27 14
v 28 34
v 29 54
v 30 53
v 31 52
v 32 72
v 33 71
v 34 90
v 35 89
v 36 109
v 37 108
v 38 128
v 39 127
v 40 147
v 41 146
v 42 166
v 43 165
v 44 164
v 45 184
v 46 183
v 47 203
v 48 223
v 49 243
v 50 263
e 1 2 0
e 2 3 1
e 3 4 2
e 4 5 3
e 5 6 4
e 6 7 5
e 7 8 6
e 8 9 7
e 9 10 8
e 10 11 9
e 11 12 10
e 12 13 11
e 13 14 12
e 14 15 13
e 15 16 14
e 16 17 15
e 17 18 16
e 18 19 17
e 19 20 18
e 20 21 19
e 21 22 20
e 22 23 21
e 23 24 22
e 24 25 23
e 25 26 24
e 26 27 25
e 27 28 26
e 28 29 27
e 29 30 28
e 30 31 29
e 31 32 30
e 32 33 31
e 33 34 32
e 34 35 33
e 35 36 34
e 36 37 35
e 37 38 36
e 38 39 37
e 39 40 38
e 40 41 39
e 41 42 40
e 42 43 41
e 43 44 42
e 44 45 43
e 45 46 44
e 46 47 45
e 47 48 46
e 48 49 47
e 49 50 48
