v 1 278
v 2 279
v 3 278
v 4 258
v 5 257
v 6 237
v 7 236
v 8 235
v 9 234
v 10 233
v 11 213
v 12 233
v 13 212
v 14 211
v 15 231
v 16 210
v 17 230
v 18 229
v 19 228
v 20 227
v 21 247
v 22 246
v 23 245
v 24 265
v 25 245
v 26 265
v 27 264
v 28 263
e 1 2 0
e 2 3 1
e 3 4 2
e 4 5 3
e 5 6 4
e 6 7 5
e 7 8 6
e 8 9 7
e 9 10 8
e 10 11 9
e 11 12 10
e 12 13 11
e 13 14 12
e 14 15 13
e 15 16 14
e 16 17 15
e 17 18 16
e 18 19 17
e 19 20 18
e 20 21 19
e 21 22 20
e 22 23 21
e 23 24 22
e 24 25 23
e 25 26 24
e 26 27 25
e 27 28 26
