v 1 9
v 2 8
v 3 28
v 4 27
v 5 47
v 6 27
v 7 47
v 8 46
v 9 66
v 10 86
v 11 66
v 12 86
v 13 85
v 14 105
v 15 125
v 16 124
v 17 144
v 18 145
v 19 144
v 20 164
v 21 184
v 22 183
v 23 184
v 24 183
v 25 203
v 26 183
v 27 184
v 28 183
v 29 184
v 30 203
v 31 204
v 32 203
v 33 223
v 34 243
v 35 263
e 1 2 0
e 2 3 1
e 3 4 2
e 4 5 3
e 5 6 4
e 6 7 5
e 7 8 6
e 8 9 7
e 9 10 8
e 10 11 9
e 11 12 10
e 12 13 11
e 13 14 12
e 14 15 13
e 15 16 14
e 16 17 15
e 17 18 16
e 18 19 17
e 19 20 18
e 20 21 19
e 21 22 20
e 22 23 21
e 23 24 22
e 24 25 23
e 25 26 24
e 26 27 25
e 27 28 26
e 28 29 27
e 29 30 28
e 30 31 29
e 31 32 30
e 32 33 31
e 33 34 32
e 34 35 33
