v 1 4
v 2 5
v 3 25
v 4 45
v 5 66
v 6 86
v 7 87
v 8 107
v 9 108
v 10 128
v 11 129
v 12 149
v 13 150
v 14 170
v 15 171
v 16 191
v 17 192
v 18 212
v 19 213
v 20 233
v 21 234
v 22 235
v 23 255
v 24 256
v 25 257
v 26 277
v 27 278
v 28 279
v 29 299
e 1 2 0
e 2 3 1
e 3 4 2
e 4 5 3
e 5 6 4
e 6 7 5
e 7 8 6
e 8 9 7
e 9 10 8
e 10 11 9
e 11 12 10
e 12 13 11
e 13 14 12
e 14 15 13
e 15 16 14
e 16 17 15
e 17 18 16
e 18 19 17
e 19 20 18
e 20 21 19
e 21 22 20
e 22 23 21
e 23 24 22
e 24 25 23
e 25 26 24
e 26 27 25
e 27 28 26
e 28 29 27
