v 1 19
v 2 18
v 3 38
v 4 37
v 5 57
v 6 56
v 7 76
v 8 75
v 9 95
v 10 94
v 11 93
v 12 113
v 13 112
v 14 132
v 15 131
v 16 151
v 17 150
v 18 149
v 19 169
v 20 168
v 21 188
v 22 187
v 23 207
v 24 206
v 25 225
v 26 224
v 27 244
v 28 263
e 1 2 0
e 2 3 1
e 3 4 2
e 4 5 3
e 5 6 4
e 6 7 5
e 7 8 6
e 8 9 7
e 9 10 8
e 10 11 9
e 11 12 10
e 12 13 11
e 13 14 12
e 14 15 13
e 15 16 14
e 16 17 15
e 17 18 16
e 18 19 17
e 19 20 18
e 20 21 19
e 21 22 20
e 22 23 21
e 23 24 22
e 24 25 23
e 25 26 24
e 26 27 25
e 27 28 26
