v 1 299
v 2 279
v 3 278
v 4 258
v 5 257
v 6 237
v 7 236
v 8 216
v 9 215
v 10 195
v 11 194
v 12 193
v 13 173
v 14 172
v 15 152
v 16 151
v 17 131
v 18 130
v 19 129
v 20 109
v 21 108
v 22 88
v 23 87
v 24 67
v 25 66
v 26 46
v 27 45
v 28 25
v 29 24
v 30 4
v 31 3
e 1 2 0
e 2 3 1
e 3 4 2
e 4 5 3
e 5 6 4
e 6 7 5
e 7 8 6
e 8 9 7
e 9 10 8
e 10 11 9
e 11 12 10
e 12 13 11
e 13 14 12
e 14 15 13
e 15 16 14
e 16 17 15
e 17 18 16
e 18 19 17
e 19 20 18
e 20 21 19
e 21 22 20
e 22 23 21
e 23 24 22
e 24 25 23
e 25 26 24
e 26 27 25
e 27 28 26
e 28 29 27
e 29 30 28
e 30 31 29
