v 1 15
v 2 14
v 3 15
v 4 14
v 5 15
v 6 14
v 7 34
v 8 53
v 9 74
v 10 93
v 11 73
v 12 93
v 13 113
v 14 112
v 15 132
v 16 131
v 17 151
v 18 150
v 19 170
v 20 169
v 21 189
v 22 188
v 23 187
v 24 206
v 25 205
v 26 225
v 27 224
v 28 244
v 29 264
v 30 263
v 31 283
v 32 263
v 33 283
e 1 2 0
e 2 3 1
e 3 4 2
e 4 5 3
e 5 6 4
e 6 7 5
e 7 8 6
e 8 9 7
e 9 10 8
e 10 11 9
e 11 12 10
e 12 13 11
e 13 14 12
e 14 15 13
e 15 16 14
e 16 17 15
e 17 18 16
e 18 19 17
e 19 20 18
e 20 21 19
e 21 22 20
e 22 23 21
e 23 24 22
e 24 25 23
e 25 26 24
e 26 27 25
e 27 28 26
e 28 29 27
e 29 30 28
e 30 31 29
e 31 32 30
e 32 33 31
