v 1 284
v 2 263
v 3 243
v 4 244
v 5 224
v 6 223
v 7 204
v 8 184
v 9 164
v 10 144
v 11 143
v 12 123
v 13 103
v 14 104
v 15 84
v 16 64
v 17 65
v 18 45
v 19 46
v 20 26
v 21 46
v 22 47
v 23 67
v 24 48
v 25 47
v 26 27
v 27 26
v 28 5
v 29 4
e 1 2 0
e 2 3 1
e 3 4 2
e 4 5 3
e 5 6 4
e 6 7 5
e 7 8 6
e 8 9 7
e 9 10 8
e 10 11 9
e 11 12 10
e 12 13 11
e 13 14 12
e 14 15 13
e 15 16 14
e 16 17 15
e 17 18 16
e 18 19 17
e 19 20 18
e 20 21 19
e 21 22 20
e 22 23 21
e 23 24 22
e 24 25 23
e 25 26 24
e 26 27 25
e 27 28 26
e 28 29 27
