v 1 263
v 2 283
v 3 263
v 4 243
v 5 223
v 6 224
v 7 204
v 8 184
v 9 185
v 10 165
v 11 146
v 12 147
v 13 148
v 14 128
v 15 129
v 16 130
v 17 131
v 18 111
v 19 131
v 20 111
v 21 132
v 22 112
v 23 113
v 24 114
v 25 134
v 26 135
v 27 136
v 28 116
v 29 117
v 30 97
v 31 77
v 32 57
v 33 37
v 34 17
v 35 16
v 36 15
v 37 16
v 38 15
e 1 2 0
e 2 3 1
e 3 4 2
e 4 5 3
e 5 6 4
e 6 7 5
e 7 8 6
e 8 9 7
e 9 10 8
e 10 11 9
e 11 12 10
e 12 13 11
e 13 14 12
e 14 15 13
e 15 16 14
e 16 17 15
e 17 18 16
e 18 19 17
e 19 20 18
e 20 21 19
e 21 22 20
e 22 23 21
e 23 24 22
e 24 25 23
e 25 26 24
e 26 27 25
e 27 28 26
e 28 29 27
e 29 30 28
e 30 31 29
e 31 32 30
e 32 33 31
e 33 34 32
e 34 35 33
e 35 36 34
e 36 37 35
e 37 38 36
