v 1 263
v 2 243
v 3 244
v 4 224
v 5 223
v 6 224
v 7 204
v 8 184
v 9 164
v 10 163
v 11 143
v 12 144
v 13 124
v 14 104
v 15 105
v 16 104
v 17 84
v 18 85
v 19 84
v 20 64
v 21 44
v 22 64
v 23 65
v 24 66
v 25 86
v 26 66
v 27 67
v 28 68
v 29 69
v 30 70
v 31 71
v 32 72
v 33 73
v 34 74
v 35 55
v 36 36
v 37 17
v 38 18
v 39 19
v 40 39
e 1 2 0
e 2 3 1
e 3 4 2
e 4 5 3
e 5 6 4
e 6 7 5
e 7 8 6
e 8 9 7
e 9 10 8
e 10 11 9
e 11 12 10
e 12 13 11
e 13 14 12
e 14 15 13
e 15 16 14
e 16 17 15
e 17 18 16
e 18 19 17
e 19 20 18
e 20 21 19
e 21 22 20
e 22 23 21
e 23 24 22
e 24 25 23
e 25 26 24
e 26 27 25
e 27 28 26
e 28 29 27
e 29 30 28
e 30 31 29
e 31 32 30
e 32 33 31
e 33 34 32
e 34 35 33
e 35 36 34
e 36 37 35
e 37 38 36
e 38 39 37
e 39 40 38
