v 1 9
v 2 8
v 3 28
v 4 48
v 5 68
v 6 88
v 7 108
v 8 127
v 9 147
v 10 167
v 11 187
v 12 207
v 13 227
v 14 247
v 15 267
v 16 266
v 17 267
v 18 247
v 19 227
v 20 228
v 21 208
v 22 189
v 23 169
v 24 170
v 25 150
v 26 131
v 27 132
v 28 112
v 29 113
v 30 93
v 31 94
v 32 74
v 33 73
v 34 93
v 35 112
v 36 132
v 37 131
v 38 150
v 39 170
v 40 169
v 41 189
v 42 209
v 43 208
v 44 228
v 45 227
v 46 247
v 47 267
v 48 266
v 49 246
v 50 247
v 51 227
v 52 247
v 53 267
v 54 266
v 55 246
v 56 247
v 57 227
v 58 228
v 59 209
v 60 190
v 61 171
v 62 152
v 63 132
v 64 112
v 65 113
v 66 93
v 67 73
v 68 74
v 69 54
v 70 34
v 71 14
v 72 15
v 73 14
e 1 2 0
e 2 3 1
e 3 4 2
e 4 5 3
e 5 6 4
e 6 7 5
e 7 8 6
e 8 9 7
e 9 10 8
e 10 11 9
e 11 12 10
e 12 13 11
e 13 14 12
e 14 15 13
e 15 16 14
e 16 17 15
e 17 18 16
e 18 19 17
e 19 20 18
e 20 21 19
e 21 22 20
e 22 23 21
e 23 24 22
e 24 25 23
e 25 26 24
e 26 27 25
e 27 28 26
e 28 29 27
e 29 30 28
e 30 31 29
e 31 32 30
e 32 33 31
e 33 34 32
e 34 35 33
e 35 36 34
e 36 37 35
e 37 38 36
e 38 39 37
e 39 40 38
e 40 41 39
e 41 42 40
e 42 43 41
e 43 44 42
e 44 45 43
e 45 46 44
e 46 47 45
e 47 48 46
e 48 49 47
e 49 50 48
e 50 51 49
e 51 52 50
e 52 53 51
e 53 54 52
e 54 55 53
e 55 56 54
e 56 57 55
e 57 58 56
e 58 59 57
e 59 60 58
e 60 61 59
e 61 62 60
e 62 63 61
e 63 64 62
e 64 65 63
e 65 66 64
e 66 67 65
e 67 68 66
e 68 69 67
e 69 70 68
e 70 71 69
e 71 72 70
e 72 73 71
