v 1 8
v 2 28
v 3 29
v 4 49
v 5 50
v 6 30
v 7 50
v 8 51
v 9 52
v 10 72
v 11 73
v 12 74
v 13 75
v 14 95
v 15 96
v 16 97
v 17 98
v 18 118
v 19 119
v 20 139
v 21 159
v 22 179
v 23 199
v 24 179
v 25 159
v 26 139
v 27 119
v 28 118
v 29 98
v 30 97
v 31 96
v 32 95
v 33 94
v 34 93
v 35 92
v 36 91
v 37 90
v 38 70
v 39 69
v 40 49
v 41 48
v 42 28
v 43 7
e 1 2 0
e 2 3 1
e 3 4 2
e 4 5 3
e 5 6 4
e 6 7 5
e 7 8 6
e 8 9 7
e 9 10 8
e 10 11 9
e 11 12 10
e 12 13 11
e 13 14 12
e 14 15 13
e 15 16 14
e 16 17 15
e 17 18 16
e 18 19 17
e 19 20 18
e 20 21 19
e 21 22 20
e 22 23 21
e 23 24 22
e 24 25 23
e 25 26 24
e 26 27 25
e 27 28 26
e 28 29 27
e 29 30 28
e 30 31 29
e 31 32 30
e 32 33 31
e 33 34 32
e 34 35 33
e 35 36 34
e 36 37 35
e 37 38 36
e 38 39 37
e 39 40 38
e 40 41 39
e 41 42 40
e 42 43 41
