v 1 3
v 2 2
v 3 3
v 4 23
v 5 24
v 6 44
v 7 45
v 8 44
v 9 45
v 10 65
v 11 66
v 12 67
v 13 87
v 14 88
v 15 108
v 16 109
v 17 110
v 18 130
v 19 131
v 20 152
v 21 153
v 22 173
v 23 174
v 24 194
v 25 195
v 26 215
v 27 216
v 28 236
v 29 237
v 30 257
v 31 258
v 32 257
v 33 258
v 34 278
e 1 2 0
e 2 3 1
e 3 4 2
e 4 5 3
e 5 6 4
e 6 7 5
e 7 8 6
e 8 9 7
e 9 10 8
e 10 11 9
e 11 12 10
e 12 13 11
e 13 14 12
e 14 15 13
e 15 16 14
e 16 17 15
e 17 18 16
e 18 19 17
e 19 20 18
e 20 21 19
e 21 22 20
e 22 23 21
e 23 24 22
e 24 25 23
e 25 26 24
e 26 27 25
e 27 28 26
e 28 29 27
e 29 30 28
e 30 31 29
e 31 32 30
e 32 33 31
e 33 34 32
