v 1 3
v 2 2
v 3 3
v 4 2
v 5 22
v 6 42
v 7 22
v 8 42
v 9 62
v 10 82
v 11 62
v 12 82
v 13 62
v 14 82
v 15 62
v 16 82
v 17 62
v 18 82
v 19 62
v 20 82
v 21 62
v 22 82
v 23 102
v 24 122
v 25 142
v 26 143
v 27 142
v 28 162
v 29 182
v 30 183
v 31 203
v 32 204
v 33 224
v 34 225
v 35 246
v 36 266
v 37 267
v 38 268
v 39 288
e 1 2 0
e 2 3 1
e 3 4 2
e 4 5 3
e 5 6 4
e 6 7 5
e 7 8 6
e 8 9 7
e 9 10 8
e 10 11 9
e 11 12 10
e 12 13 11
e 13 14 12
e 14 15 13
e 15 16 14
e 16 17 15
e 17 18 16
e 18 19 17
e 19 20 18
e 20 21 19
e 21 22 20
e 22 23 21
e 23 24 22
e 24 25 23
e 25 26 24
e 26 27 25
e 27 28 26
e 28 29 27
e 29 30 28
e 30 31 29
e 31 32 30
e 32 33 31
e 33 34 32
e 34 35 33
e 35 36 34
e 36 37 35
e 37 38 36
e 38 39 37
