v 1 298
v 2 278
v 3 277
v 4 257
v 5 256
v 6 255
v 7 235
v 8 234
v 9 233
v 10 213
v 11 212
v 12 192
v 13 191
v 14 171
v 15 170
v 16 150
v 17 149
v 18 129
v 19 128
v 20 108
v 21 107
v 22 87
v 23 86
v 24 66
v 25 65
v 26 45
v 27 25
v 28 24
v 29 4
e 1 2 0
e 2 3 1
e 3 4 2
e 4 5 3
e 5 6 4
e 6 7 5
e 7 8 6
e 8 9 7
e 9 10 8
e 10 11 9
e 11 12 10
e 12 13 11
e 13 14 12
e 14 15 13
e 15 16 14
e 16 17 15
e 17 18 16
e 18 19 17
e 19 20 18
e 20 21 19
e 21 22 20
e 22 23 21
e 23 24 22
e 24 25 23
e 25 26 24
e 26 27 25
e 27 28 26
e 28 29 27
