v 1 243
v 2 244
v 3 224
v 4 204
v 5 205
v 6 185
v 7 165
v 8 166
v 9 146
v 10 126
v 11 127
v 12 107
v 13 108
v 14 109
v 15 89
v 16 90
v 17 89
v 18 90
v 19 110
v 20 111
v 21 91
v 22 92
v 23 93
v 24 94
v 25 95
v 26 96
v 27 97
v 28 98
v 29 118
v 30 119
v 31 118
e 1 2 0
e 2 3 1
e 3 4 2
e 4 5 3
e 5 6 4
e 6 7 5
e 7 8 6
e 8 9 7
e 9 10 8
e 10 11 9
e 11 12 10
e 12 13 11
e 13 14 12
e 14 15 13
e 15 16 14
e 16 17 15
e 17 18 16
e 18 19 17
e 19 20 18
e 20 21 19
e 21 22 20
e 22 23 21
e 23 24 22
e 24 25 23
e 25 26 24
e 26 27 25
e 27 28 26
e 28 29 27
e 29 30 28
e 30 31 29
