v 1 8
v 2 28
v 3 29
v 4 49
v 5 50
v 6 70
v 7 71
v 8 70
v 9 91
v 10 92
v 11 112
v 12 113
v 13 133
v 14 134
v 15 154
v 16 155
v 17 175
v 18 176
v 19 196
v 20 197
v 21 217
v 22 237
v 23 238
v 24 258
v 25 278
v 26 279
v 27 278
v 28 299
v 29 278
e 1 2 0
e 2 3 1
e 3 4 2
e 4 5 3
e 5 6 4
e 6 7 5
e 7 8 6
e 8 9 7
e 9 10 8
e 10 11 9
e 11 12 10
e 12 13 11
e 13 14 12
e 14 15 13
e 15 16 14
e 16 17 15
e 17 18 16
e 18 19 17
e 19 20 18
e 20 21 19
e 21 22 20
e 22 23 21
e 23 24 22
e 24 25 23
e 25 26 24
e 26 27 25
e 27 28 26
e 28 29 27
