v 1 5
v 2 6
v 3 26
v 4 27
v 5 28
v 6 48
v 7 49
v 8 50
v 9 51
v 10 71
v 11 72
v 12 93
v 13 94
v 14 114
v 15 115
v 16 135
v 17 136
v 18 157
v 19 158
v 20 157
v 21 137
v 22 136
v 23 115
v 24 135
v 25 134
v 26 133
v 27 153
v 28 152
v 29 151
v 30 170
v 31 169
v 32 168
v 33 188
v 34 187
v 35 207
v 36 206
v 37 225
v 38 224
v 39 244
v 40 243
v 41 263
e 1 2 0
e 2 3 1
e 3 4 2
e 4 5 3
e 5 6 4
e 6 7 5
e 7 8 6
e 8 9 7
e 9 10 8
e 10 11 9
e 11 12 10
e 12 13 11
e 13 14 12
e 14 15 13
e 15 16 14
e 16 17 15
e 17 18 16
e 18 19 17
e 19 20 18
e 20 21 19
e 21 22 20
e 22 23 21
e 23 24 22
e 24 25 23
e 25 26 24
e 26 27 25
e 27 28 26
e 28 29 27
e 29 30 28
e 30 31 29
e 31 32 30
e 32 33 31
e 33 34 32
e 34 35 33
e 35 36 34
e 36 37 35
e 37 38 36
e 38 39 37
e 39 40 38
e 40 41 39
