v 1 180
v 2 160
v 3 140
v 4 120
v 5 121
v 6 101
v 7 82
v 8 83
v 9 63
v 10 64
v 11 65
v 12 66
v 13 67
v 14 68
v 15 69
v 16 70
v 17 90
v 18 70
v 19 71
v 20 72
v 21 71
v 22 72
v 23 71
v 24 72
v 25 71
v 26 72
v 27 71
v 28 72
v 29 71
v 30 70
v 31 69
v 32 88
v 33 87
v 34 107
v 35 106
v 36 126
v 37 125
v 38 124
v 39 144
v 40 143
v 41 163
v 42 162
v 43 182
v 44 181
e 1 2 0
e 2 3 1
e 3 4 2
e 4 5 3
e 5 6 4
e 6 7 5
e 7 8 6
e 8 9 7
e 9 10 8
e 10 11 9
e 11 12 10
e 12 13 11
e 13 14 12
e 14 15 13
e 15 16 14
e 16 17 15
e 17 18 16
e 18 19 17
e 19 20 18
e 20 21 19
e 21 22 20
e 22 23 21
e 23 24 22
e 24 25 23
e 25 26 24
e 26 27 25
e 27 28 26
e 28 29 27
e 29 30 28
e 30 31 29
e 31 32 30
e 32 33 31
e 33 34 32
e 34 35 33
e 35 36 34
e 36 37 35
e 37 38 36
e 38 39 37
e 39 40 38
e 40 41 39
e 41 42 40
e 42 43 41
e 43 44 42
