v 1 19
v 2 18
v 3 19
v 4 18
v 5 38
v 6 37
v 7 57
v 8 56
v 9 76
v 10 75
v 11 74
v 12 94
v 13 93
v 14 92
v 15 91
v 16 111
v 17 110
v 18 130
v 19 129
v 20 149
v 21 148
v 22 168
v 23 167
v 24 166
v 25 186
v 26 185
v 27 205
v 28 225
v 29 224
v 30 244
v 31 264
v 32 263
e 1 2 0
e 2 3 1
e 3 4 2
e 4 5 3
e 5 6 4
e 6 7 5
e 7 8 6
e 8 9 7
e 9 10 8
e 10 11 9
e 11 12 10
e 12 13 11
e 13 14 12
e 14 15 13
e 15 16 14
e 16 17 15
e 17 18 16
e 18 19 17
e 19 20 18
e 20 21 19
e 21 22 20
e 22 23 21
e 23 24 22
e 24 25 23
e 25 26 24
e 26 27 25
e 27 28 26
e 28 29 27
e 29 30 28
e 30 31 29
e 31 32 30
