v 1 279
v 2 278
v 3 258
v 4 257
v 5 237
v 6 236
v 7 237
v 8 236
v 9 216
v 10 215
v 11 195
v 12 194
v 13 174
v 14 173
v 15 153
v 16 152
v 17 132
v 18 131
v 19 111
v 20 110
v 21 89
v 22 69
v 23 89
v 24 69
v 25 68
v 26 48
v 27 47
v 28 27
v 29 26
v 30 6
v 31 5
v 32 4
e 1 2 0
e 2 3 1
e 3 4 2
e 4 5 3
e 5 6 4
e 6 7 5
e 7 8 6
e 8 9 7
e 9 10 8
e 10 11 9
e 11 12 10
e 12 13 11
e 13 14 12
e 14 15 13
e 15 16 14
e 16 17 15
e 17 18 16
e 18 19 17
e 19 20 18
e 20 21 19
e 21 22 20
e 22 23 21
e 23 24 22
e 24 25 23
e 25 26 24
e 26 27 25
e 27 28 26
e 28 29 27
e 29 30 28
e 30 31 29
e 31 32 30
