v 1 15
v 2 16
v 3 36
v 4 56
v 5 55
v 6 75
v 7 95
v 8 94
v 9 114
v 10 113
v 11 133
v 12 132
v 13 131
v 14 150
v 15 130
v 16 150
v 17 149
v 18 148
v 19 168
v 20 167
v 21 187
v 22 186
v 23 206
v 24 205
v 25 225
v 26 224
v 27 244
v 28 243
v 29 263
e 1 2 0
e 2 3 1
e 3 4 2
e 4 5 3
e 5 6 4
e 6 7 5
e 7 8 6
e 8 9 7
e 9 10 8
e 10 11 9
e 11 12 10
e 12 13 11
e 13 14 12
e 14 15 13
e 15 16 14
e 16 17 15
e 17 18 16
e 18 19 17
e 19 20 18
e 20 21 19
e 21 22 20
e 22 23 21
e 23 24 22
e 24 25 23
e 25 26 24
e 26 27 25
e 27 28 26
e 28 29 27
