v 1 8
v 2 9
v 3 29
v 4 49
v 5 50
v 6 51
v 7 52
v 8 73
v 9 74
v 10 94
v 11 95
v 12 115
v 13 136
v 14 156
v 15 176
v 16 177
v 17 197
v 18 217
v 19 237
v 20 238
v 21 239
v 22 219
v 23 199
v 24 179
v 25 159
v 26 139
v 27 119
v 28 98
v 29 97
v 30 77
v 31 76
v 32 75
v 33 55
v 34 54
v 35 73
v 36 74
v 37 54
v 38 55
v 39 35
v 40 36
v 41 16
v 42 17
v 43 16
v 44 15
e 1 2 0
e 2 3 1
e 3 4 2
e 4 5 3
e 5 6 4
e 6 7 5
e 7 8 6
e 8 9 7
e 9 10 8
e 10 11 9
e 11 12 10
e 12 13 11
e 13 14 12
e 14 15 13
e 15 16 14
e 16 17 15
e 17 18 16
e 18 19 17
e 19 20 18
e 20 21 19
e 21 22 20
e 22 23 21
e 23 24 22
e 24 25 23
e 25 26 24
e 26 27 25
e 27 28 26
e 28 29 27
e 29 30 28
e 30 31 29
e 31 32 30
e 32 33 31
e 33 34 32
e 34 35 33
e 35 36 34
e 36 37 35
e 37 38 36
e 38 39 37
e 39 40 38
e 40 41 39
e 41 42 40
e 42 43 41
e 43 44 42
