v 1 7
v 2 8
v 3 28
v 4 48
v 5 49
v 6 69
v 7 70
v 8 91
v 9 92
v 10 93
v 11 94
v 12 114
v 13 95
v 14 115
v 15 116
v 16 117
v 17 118
v 18 119
v 19 139
v 20 119
v 21 139
v 22 138
v 23 139
v 24 119
v 25 139
v 26 159
v 27 139
v 28 159
v 29 179
v 30 199
v 31 219
e 1 2 0
e 2 3 1
e 3 4 2
e 4 5 3
e 5 6 4
e 6 7 5
e 7 8 6
e 8 9 7
e 9 10 8
e 10 11 9
e 11 12 10
e 12 13 11
e 13 14 12
e 14 15 13
e 15 16 14
e 16 17 15
e 17 18 16
e 18 19 17
e 19 20 18
e 20 21 19
e 21 22 20
e 22 23 21
e 23 24 22
e 24 25 23
e 25 26 24
e 26 27 25
e 27 28 26
e 28 29 27
e 29 30 28
e 30 31 29
