v 1 263
v 2 264
v 3 244
v 4 245
v 5 225
v 6 226
v 7 206
v 8 207
v 9 187
v 10 188
v 11 189
v 12 169
v 13 170
v 14 151
v 15 152
v 16 132
v 17 133
v 18 113
v 19 114
v 20 94
v 21 95
v 22 75
v 23 76
v 24 56
v 25 57
v 26 56
v 27 36
v 28 35
v 29 15
e 1 2 0
e 2 3 1
e 3 4 2
e 4 5 3
e 5 6 4
e 6 7 5
e 7 8 6
e 8 9 7
e 9 10 8
e 10 11 9
e 11 12 10
e 12 13 11
e 13 14 12
e 14 15 13
e 15 16 14
e 16 17 15
e 17 18 16
e 18 19 17
e 19 20 18
e 20 21 19
e 21 22 20
e 22 23 21
e 23 24 22
e 24 25 23
e 25 26 24
e 26 27 25
e 27 28 26
e 28 29 27
