v 1 283
v 2 263
v 3 264
v 4 263
v 5 243
v 6 244
v 7 224
v 8 204
v 9 185
v 10 165
v 11 164
v 12 165
v 13 145
v 14 146
v 15 126
v 16 125
v 17 105
v 18 106
v 19 87
v 20 88
v 21 89
v 22 90
v 23 70
v 24 71
v 25 72
v 26 52
v 27 53
v 28 73
v 29 53
v 30 54
v 31 34
v 32 14
e 1 2 0
e 2 3 1
e 3 4 2
e 4 5 3
e 5 6 4
e 6 7 5
e 7 8 6
e 8 9 7
e 9 10 8
e 10 11 9
e 11 12 10
e 12 13 11
e 13 14 12
e 14 15 13
e 15 16 14
e 16 17 15
e 17 18 16
e 18 19 17
e 19 20 18
e 20 21 19
e 21 22 20
e 22 23 21
e 23 24 22
e 24 25 23
e 25 26 24
e 26 27 25
e 27 28 26
e 28 29 27
e 29 30 28
e 30 31 29
e 31 32 30
