v 1 9
v 2 8
v 3 29
v 4 28
v 5 29
v 6 49
v 7 69
v 8 70
v 9 90
v 10 110
v 11 111
v 12 131
v 13 132
v 14 152
v 15 172
v 16 173
v 17 193
v 18 194
v 19 214
v 20 215
v 21 235
v 22 236
v 23 256
v 24 257
v 25 277
v 26 278
v 27 279
v 28 299
e 1 2 0
e 2 3 1
e 3 4 2
e 4 5 3
e 5 6 4
e 6 7 5
e 7 8 6
e 8 9 7
e 9 10 8
e 10 11 9
e 11 12 10
e 12 13 11
e 13 14 12
e 14 15 13
e 15 16 14
e 16 17 15
e 17 18 16
e 18 19 17
e 19 20 18
e 20 21 19
e 21 22 20
e 22 23 21
e 23 24 22
e 24 25 23
e 25 26 24
e 26 27 25
e 27 28 26
