v 1 224
v 2 243
v 3 244
v 4 245
v 5 246
v 6 265
v 7 266
v 8 247
v 9 267
v 10 266
v 11 267
v 12 266
v 13 245
v 14 225
v 15 205
v 16 204
v 17 184
v 18 164
v 19 144
v 20 124
v 21 123
v 22 103
v 23 83
v 24 63
v 25 62
v 26 42
v 27 22
v 28 2
e 1 2 0
e 2 3 1
e 3 4 2
e 4 5 3
e 5 6 4
e 6 7 5
e 7 8 6
e 8 9 7
e 9 10 8
e 10 11 9
e 11 12 10
e 12 13 11
e 13 14 12
e 14 15 13
e 15 16 14
e 16 17 15
e 17 18 16
e 18 19 17
e 19 20 18
e 20 21 19
e 21 22 20
e 22 23 21
e 23 24 22
e 24 25 23
e 25 26 24
e 26 27 25
e 27 28 26
