v 1 264
v 2 244
v 3 224
v 4 225
v 5 205
v 6 206
v 7 186
v 8 167
v 9 168
v 10 148
v 11 149
v 12 129
v 13 130
v 14 131
v 15 111
v 16 112
v 17 93
v 18 73
v 19 74
v 20 54
v 21 55
v 22 35
v 23 36
v 24 16
v 25 17
v 26 37
v 27 17
v 28 37
v 29 36
v 30 37
v 31 36
v 32 37
v 33 38
v 34 18
v 35 19
e 1 2 0
e 2 3 1
e 3 4 2
e 4 5 3
e 5 6 4
e 6 7 5
e 7 8 6
e 8 9 7
e 9 10 8
e 10 11 9
e 11 12 10
e 12 13 11
e 13 14 12
e 14 15 13
e 15 16 14
e 16 17 15
e 17 18 16
e 18 19 17
e 19 20 18
e 20 21 19
e 21 22 20
e 22 23 21
e 23 24 22
e 24 25 23
e 25 26 24
e 26 27 25
e 27 28 26
e 28 29 27
e 29 30 28
e 30 31 29
e 31 32 30
e 32 33 31
e 33 34 32
e 34 35 33
