v 1 263
v 2 243
v 3 244
v 4 224
v 5 205
v 6 186
v 7 187
v 8 167
v 9 168
v 10 169
v 11 150
v 12 151
v 13 152
v 14 153
v 15 134
v 16 135
v 17 136
v 18 116
v 19 117
v 20 118
v 21 119
v 22 139
v 23 159
v 24 139
v 25 119
v 26 118
v 27 98
v 28 97
v 29 96
v 30 95
v 31 94
v 32 93
v 33 92
v 34 91
v 35 90
v 36 89
v 37 88
v 38 68
v 39 67
v 40 46
v 41 45
v 42 46
v 43 26
v 44 27
v 45 8
v 46 9
v 47 29
v 48 28
v 49 27
v 50 26
v 51 6
v 52 5
v 53 4
e 1 2 0
e 2 3 1
e 3 4 2
e 4 5 3
e 5 6 4
e 6 7 5
e 7 8 6
e 8 9 7
e 9 10 8
e 10 11 9
e 11 12 10
e 12 13 11
e 13 14 12
e 14 15 13
e 15 16 14
e 16 17 15
e 17 18 16
e 18 19 17
e 19 20 18
e 20 21 19
e 21 22 20
e 22 23 21
e 23 24 22
e 24 25 23
e 25 26 24
e 26 27 25
e 27 28 26
e 28 29 27
e 29 30 28
e 30 31 29
e 31 32 30
e 32 33 31
e 33 34 32
e 34 35 33
e 35 36 34
e 36 37 35
e 37 38 36
e 38 39 37
e 39 40 38
e 40 41 39
e 41 42 40
e 42 43 41
e 43 44 42
e 44 45 43
e 45 46 44
e 46 47 45
e 47 48 46
e 48 49 47
e 49 50 48
e 50 51 49
e 51 52 50
e 52 53 51
