v 1 160
v 2 140
v 3 141
v 4 142
v 5 122
v 6 123
v 7 124
v 8 104
v 9 105
v 10 106
v 11 86
v 12 87
v 13 67
v 14 68
v 15 69
v 16 49
v 17 50
v 18 30
v 19 50
v 20 49
v 21 48
v 22 68
v 23 67
v 24 66
v 25 86
v 26 85
v 27 105
v 28 104
v 29 124
v 30 123
v 31 122
v 32 142
v 33 141
v 34 161
v 35 160
e 1 2 0
e 2 3 1
e 3 4 2
e 4 5 3
e 5 6 4
e 6 7 5
e 7 8 6
e 8 9 7
e 9 10 8
e 10 11 9
e 11 12 10
e 12 13 11
e 13 14 12
e 14 15 13
e 15 16 14
e 16 17 15
e 17 18 16
e 18 19 17
e 19 20 18
e 20 21 19
e 21 22 20
e 22 23 21
e 23 24 22
e 24 25 23
e 25 26 24
e 26 27 25
e 27 28 26
e 28 29 27
e 29 30 28
e 30 31 29
e 31 32 30
e 32 33 31
e 33 34 32
e 34 35 33
