v 1 223
v 2 224
v 3 204
v 4 205
v 5 185
v 6 186
v 7 166
v 8 167
v 9 147
v 10 148
v 11 128
v 12 129
v 13 130
v 14 150
v 15 151
v 16 171
v 17 172
v 18 193
v 19 194
v 20 195
v 21 196
v 22 216
v 23 217
v 24 218
v 25 217
v 26 216
v 27 215
v 28 214
v 29 213
v 30 214
v 31 213
v 32 212
v 33 211
v 34 210
v 35 209
v 36 229
v 37 228
v 38 227
v 39 246
v 40 245
v 41 244
v 42 264
v 43 263
v 44 264
v 45 263
e 1 2 0
e 2 3 1
e 3 4 2
e 4 5 3
e 5 6 4
e 6 7 5
e 7 8 6
e 8 9 7
e 9 10 8
e 10 11 9
e 11 12 10
e 12 13 11
e 13 14 12
e 14 15 13
e 15 16 14
e 16 17 15
e 17 18 16
e 18 19 17
e 19 20 18
e 20 21 19
e 21 22 20
e 22 23 21
e 23 24 22
e 24 25 23
e 25 26 24
e 26 27 25
e 27 28 26
e 28 29 27
e 29 30 28
e 30 31 29
e 31 32 30
e 32 33 31
e 33 34 32
e 34 35 33
e 35 36 34
e 36 37 35
e 37 38 36
e 38 39 37
e 39 40 38
e 40 41 39
e 41 42 40
e 42 43 41
e 43 44 42
e 44 45 43
