v 1 3
v 2 2
v 3 3
v 4 2
v 5 22
v 6 2
v 7 22
v 8 2
v 9 22
v 10 2
v 11 22
v 12 2
v 13 22
v 14 2
v 15 22
v 16 2
v 17 22
v 18 2
v 19 22
v 20 2
v 21 22
v 22 2
v 23 22
v 24 2
v 25 22
v 26 2
v 27 22
v 28 2
v 29 22
v 30 2
v 31 22
v 32 2
v 33 22
v 34 2
v 35 22
v 36 2
v 37 22
v 38 2
v 39 22
v 40 2
v 41 23
v 42 22
v 43 42
v 44 62
v 45 82
v 46 102
v 47 101
v 48 121
v 49 141
v 50 161
v 51 162
v 52 182
v 53 181
e 1 2 0
e 2 3 1
e 3 4 2
e 4 5 3
e 5 6 4
e 6 7 5
e 7 8 6
e 8 9 7
e 9 10 8
e 10 11 9
e 11 12 10
e 12 13 11
e 13 14 12
e 14 15 13
e 15 16 14
e 16 17 15
e 17 18 16
e 18 19 17
e 19 20 18
e 20 21 19
e 21 22 20
e 22 23 21
e 23 24 22
e 24 25 23
e 25 26 24
e 26 27 25
e 27 28 26
e 28 29 27
e 29 30 28
e 30 31 29
e 31 32 30
e 32 33 31
e 33 34 32
e 34 35 33
e 35 36 34
e 36 37 35
e 37 38 36
e 38 39 37
e 39 40 38
e 40 41 39
e 41 42 40
e 42 43 41
e 43 44 42
e 44 45 43
e 45 46 44
e 46 47 45
e 47 48 46
e 48 49 47
e 49 50 48
e 50 51 49
e 51 52 50
e 52 53 51
