v 1 1
v 2 21
v 3 22
v 4 42
v 5 41
v 6 61
v 7 81
v 8 101
v 9 121
v 10 141
v 11 161
v 12 162
v 13 182
v 14 183
v 15 184
v 16 204
v 17 205
v 18 206
v 19 207
v 20 227
v 21 207
v 22 208
v 23 209
v 24 208
v 25 209
v 26 208
v 27 209
v 28 208
v 29 209
v 30 208
v 31 209
v 32 208
v 33 209
v 34 208
v 35 209
v 36 208
v 37 209
v 38 208
v 39 209
v 40 208
v 41 209
v 42 208
v 43 209
v 44 208
v 45 209
v 46 208
v 47 209
v 48 208
v 49 209
v 50 208
v 51 209
v 52 208
v 53 228
v 54 208
v 55 207
v 56 208
v 57 207
v 58 208
v 59 207
v 60 208
v 61 207
v 62 206
v 63 205
v 64 204
v 65 224
v 66 243
v 67 263
v 68 283
e 1 2 0
e 2 3 1
e 3 4 2
e 4 5 3
e 5 6 4
e 6 7 5
e 7 8 6
e 8 9 7
e 9 10 8
e 10 11 9
e 11 12 10
e 12 13 11
e 13 14 12
e 14 15 13
e 15 16 14
e 16 17 15
e 17 18 16
e 18 19 17
e 19 20 18
e 20 21 19
e 21 22 20
e 22 23 21
e 23 24 22
e 24 25 23
e 25 26 24
e 26 27 25
e 27 28 26
e 28 29 27
e 29 30 28
e 30 31 29
e 31 32 30
e 32 33 31
e 33 34 32
e 34 35 33
e 35 36 34
e 36 37 35
e 37 38 36
e 38 39 37
e 39 40 38
e 40 41 39
e 41 42 40
e 42 43 41
e 43 44 42
e 44 45 43
e 45 46 44
e 46 47 45
e 47 48 46
e 48 49 47
e 49 50 48
e 50 51 49
e 51 52 50
e 52 53 51
e 53 54 52
e 54 55 53
e 55 56 54
e 56 57 55
e 57 58 56
e 58 59 57
e 59 60 58
e 60 61 59
e 61 62 60
e 62 63 61
e 63 64 62
e 64 65 63
e 65 66 64
e 66 67 65
e 67 68 66
