v 1 264
v 2 263
v 3 264
v 4 244
v 5 225
v 6 205
v 7 206
v 8 186
v 9 187
v 10 168
v 11 148
v 12 149
v 13 130
v 14 131
v 15 111
v 16 92
v 17 93
v 18 73
v 19 53
v 20 54
v 21 34
v 22 35
v 23 15
v 24 16
v 25 17
v 26 37
v 27 36
v 28 15
v 29 14
e 1 2 0
e 2 3 1
e 3 4 2
e 4 5 3
e 5 6 4
e 6 7 5
e 7 8 6
e 8 9 7
e 9 10 8
e 10 11 9
e 11 12 10
e 12 13 11
e 13 14 12
e 14 15 13
e 15 16 14
e 16 17 15
e 17 18 16
e 18 19 17
e 19 20 18
e 20 21 19
e 21 22 20
e 22 23 21
e 23 24 22
e 24 25 23
e 25 26 24
e 26 27 25
e 27 28 26
e 28 29 27
