v 1 263
v 2 243
v 3 224
v 4 223
v 5 224
v 6 204
v 7 205
v 8 185
v 9 186
v 10 166
v 11 167
v 12 168
v 13 169
v 14 170
v 15 169
v 16 170
v 17 190
v 18 191
v 19 192
v 20 213
v 21 214
v 22 235
v 23 236
v 24 235
v 25 256
v 26 257
v 27 258
v 28 278
v 29 258
v 30 278
v 31 279
v 32 278
v 33 279
v 34 278
v 35 279
v 36 299
v 37 278
v 38 298
e 1 2 0
e 2 3 1
e 3 4 2
e 4 5 3
e 5 6 4
e 6 7 5
e 7 8 6
e 8 9 7
e 9 10 8
e 10 11 9
e 11 12 10
e 12 13 11
e 13 14 12
e 14 15 13
e 15 16 14
e 16 17 15
e 17 18 16
e 18 19 17
e 19 20 18
e 20 21 19
e 21 22 20
e 22 23 21
e 23 24 22
e 24 25 23
e 25 26 24
e 26 27 25
e 27 28 26
e 28 29 27
e 29 30 28
e 30 31 29
e 31 32 30
e 32 33 31
e 33 34 32
e 34 35 33
e 35 36 34
e 36 37 35
e 37 38 36
