v 1 8
v 2 9
v 3 29
v 4 9
v 5 29
v 6 8
v 7 28
v 8 8
v 9 28
v 10 48
v 11 68
v 12 69
v 13 70
v 14 90
v 15 91
v 16 92
v 17 112
v 18 113
v 19 114
v 20 115
v 21 116
v 22 117
v 23 137
v 24 138
v 25 118
v 26 138
v 27 118
v 28 119
v 29 139
v 30 119
v 31 99
v 32 98
v 33 97
v 34 96
v 35 95
v 36 75
v 37 74
v 38 73
v 39 72
v 40 52
v 41 51
v 42 31
v 43 32
v 44 31
v 45 51
v 46 50
v 47 70
v 48 90
v 49 89
v 50 88
v 51 87
v 52 86
v 53 66
v 54 65
v 55 64
v 56 84
v 57 83
v 58 103
v 59 123
v 60 122
v 61 142
v 62 161
v 63 181
e 1 2 0
e 2 3 1
e 3 4 2
e 4 5 3
e 5 6 4
e 6 7 5
e 7 8 6
e 8 9 7
e 9 10 8
e 10 11 9
e 11 12 10
e 12 13 11
e 13 14 12
e 14 15 13
e 15 16 14
e 16 17 15
e 17 18 16
e 18 19 17
e 19 20 18
e 20 21 19
e 21 22 20
e 22 23 21
e 23 24 22
e 24 25 23
e 25 26 24
e 26 27 25
e 27 28 26
e 28 29 27
e 29 30 28
e 30 31 29
e 31 32 30
e 32 33 31
e 33 34 32
e 34 35 33
e 35 36 34
e 36 37 35
e 37 38 36
e 38 39 37
e 39 40 38
e 40 41 39
e 41 42 40
e 42 43 41
e 43 44 42
e 44 45 43
e 45 46 44
e 46 47 45
e 47 48 46
e 48 49 47
e 49 50 48
e 50 51 49
e 51 52 50
e 52 53 51
e 53 54 52
e 54 55 53
e 55 56 54
e 56 57 55
e 57 58 56
e 58 59 57
e 59 60 58
e 60 61 59
e 61 62 60
e 62 63 61
