v 1 181
v 2 161
v 3 141
v 4 142
v 5 122
v 6 123
v 7 103
v 8 104
v 9 84
v 10 85
v 11 66
v 12 67
v 13 47
v 14 48
v 15 49
v 16 29
v 17 49
v 18 48
v 19 68
v 20 67
v 21 87
v 22 86
v 23 105
v 24 104
v 25 124
v 26 123
v 27 143
v 28 142
v 29 162
v 30 161
v 31 181
e 1 2 0
e 2 3 1
e 3 4 2
e 4 5 3
e 5 6 4
e 6 7 5
e 7 8 6
e 8 9 7
e 9 10 8
e 10 11 9
e 11 12 10
e 12 13 11
e 13 14 12
e 14 15 13
e 15 16 14
e 16 17 15
e 17 18 16
e 18 19 17
e 19 20 18
e 20 21 19
e 21 22 20
e 22 23 21
e 23 24 22
e 24 25 23
e 25 26 24
e 26 27 25
e 27 28 26
e 28 29 27
e 29 30 28
e 30 31 29
