v 1 7
v 2 8
v 3 28
v 4 29
v 5 49
v 6 69
v 7 70
v 8 90
v 9 110
v 10 130
v 11 150
v 12 170
v 13 169
v 14 189
v 15 209
v 16 208
v 17 228
v 18 248
v 19 247
v 20 267
v 21 266
v 22 267
v 23 266
v 24 267
v 25 266
v 26 265
v 27 245
v 28 244
v 29 243
v 30 223
e 1 2 0
e 2 3 1
e 3 4 2
e 4 5 3
e 5 6 4
e 6 7 5
e 7 8 6
e 8 9 7
e 9 10 8
e 10 11 9
e 11 12 10
e 12 13 11
e 13 14 12
e 14 15 13
e 15 16 14
e 16 17 15
e 17 18 16
e 18 19 17
e 19 20 18
e 20 21 19
e 21 22 20
e 22 23 21
e 23 24 22
e 24 25 23
e 25 26 24
e 26 27 25
e 27 28 26
e 28 29 27
e 29 30 28
