v 1 9
v 2 28
v 3 48
v 4 68
v 5 67
v 6 87
v 7 107
v 8 127
v 9 147
v 10 167
v 11 187
v 12 186
v 13 206
v 14 226
v 15 246
v 16 266
v 17 246
v 18 226
v 19 206
v 20 186
v 21 166
v 22 146
v 23 127
v 24 107
v 25 87
v 26 67
v 27 47
v 28 48
v 29 28
v 30 8
v 31 9
e 1 2 0
e 2 3 1
e 3 4 2
e 4 5 3
e 5 6 4
e 6 7 5
e 7 8 6
e 8 9 7
e 9 10 8
e 10 11 9
e 11 12 10
e 12 13 11
e 13 14 12
e 14 15 13
e 15 16 14
e 16 17 15
e 17 18 16
e 18 19 17
e 19 20 18
e 20 21 19
e 21 22 20
e 22 23 21
e 23 24 22
e 24 25 23
e 25 26 24
e 26 27 25
e 27 28 26
e 28 29 27
e 29 30 28
e 30 31 29
