v 1 283
v 2 263
v 3 264
v 4 284
v 5 264
v 6 263
v 7 264
v 8 244
v 9 224
v 10 244
v 11 224
v 12 204
v 13 205
v 14 206
v 15 186
v 16 187
v 17 188
v 18 168
v 19 169
v 20 170
v 21 150
v 22 151
v 23 131
v 24 132
v 25 112
v 26 113
v 27 94
v 28 75
v 29 55
v 30 56
v 31 37
v 32 38
v 33 18
e 1 2 0
e 2 3 1
e 3 4 2
e 4 5 3
e 5 6 4
e 6 7 5
e 7 8 6
e 8 9 7
e 9 10 8
e 10 11 9
e 11 12 10
e 12 13 11
e 13 14 12
e 14 15 13
e 15 16 14
e 16 17 15
e 17 18 16
e 18 19 17
e 19 20 18
e 20 21 19
e 21 22 20
e 22 23 21
e 23 24 22
e 24 25 23
e 25 26 24
e 26 27 25
e 27 28 26
e 28 29 27
e 29 30 28
e 30 31 29
e 31 32 30
e 32 33 31
