v 1 181
v 2 182
v 3 163
v 4 164
v 5 144
v 6 164
v 7 165
v 8 146
v 9 147
v 10 148
v 11 149
v 12 150
v 13 130
v 14 131
v 15 132
v 16 112
v 17 113
v 18 93
v 19 94
v 20 74
v 21 75
v 22 55
v 23 56
v 24 36
v 25 37
v 26 36
v 27 16
v 28 17
v 29 16
v 30 15
v 31 14
e 1 2 0
e 2 3 1
e 3 4 2
e 4 5 3
e 5 6 4
e 6 7 5
e 7 8 6
e 8 9 7
e 9 10 8
e 10 11 9
e 11 12 10
e 12 13 11
e 13 14 12
e 14 15 13
e 15 16 14
e 16 17 15
e 17 18 16
e 18 19 17
e 19 20 18
e 20 21 19
e 21 22 20
e 22 23 21
e 23 24 22
e 24 25 23
e 25 26 24
e 26 27 25
e 27 28 26
e 28 29 27
e 29 30 28
e 30 31 29
