v 1 263
v 2 243
v 3 224
v 4 204
v 5 205
v 6 185
v 7 186
v 8 187
v 9 167
v 10 148
v 11 149
v 12 129
v 13 130
v 14 110
v 15 111
v 16 112
v 17 92
v 18 93
v 19 73
v 20 74
v 21 54
v 22 55
v 23 35
v 24 15
v 25 16
v 26 36
v 27 35
v 28 36
v 29 35
v 30 36
v 31 35
v 32 36
v 33 35
v 34 36
v 35 35
v 36 36
v 37 35
v 38 36
v 39 35
v 40 36
v 41 35
v 42 36
v 43 35
v 44 36
v 45 16
v 46 37
v 47 38
v 48 39
v 49 19
v 50 18
v 51 17
v 52 36
v 53 55
v 54 74
v 55 73
v 56 93
v 57 92
v 58 111
v 59 110
v 60 130
v 61 129
v 62 149
v 63 148
v 64 168
v 65 167
v 66 187
v 67 206
v 68 225
v 69 244
v 70 263
e 1 2 0
e 2 3 1
e 3 4 2
e 4 5 3
e 5 6 4
e 6 7 5
e 7 8 6
e 8 9 7
e 9 10 8
e 10 11 9
e 11 12 10
e 12 13 11
e 13 14 12
e 14 15 13
e 15 16 14
e 16 17 15
e 17 18 16
e 18 19 17
e 19 20 18
e 20 21 19
e 21 22 20
e 22 23 21
e 23 24 22
e 24 25 23
e 25 26 24
e 26 27 25
e 27 28 26
e 28 29 27
e 29 30 28
e 30 31 29
e 31 32 30
e 32 33 31
e 33 34 32
e 34 35 33
e 35 36 34
e 36 37 35
e 37 38 36
e 38 39 37
e 39 40 38
e 40 41 39
e 41 42 40
e 42 43 41
e 43 44 42
e 44 45 43
e 45 46 44
e 46 47 45
e 47 48 46
e 48 49 47
e 49 50 48
e 50 51 49
e 51 52 50
e 52 53 51
e 53 54 52
e 54 55 53
e 55 56 54
e 56 57 55
e 57 58 56
e 58 59 57
e 59 60 58
e 60 61 59
e 61 62 60
e 62 63 61
e 63 64 62
e 64 65 63
e 65 66 64
e 66 67 65
e 67 68 66
e 68 69 67
e 69 70 68
