v 1 18
v 2 38
v 3 37
v 4 57
v 5 56
v 6 76
v 7 75
v 8 95
v 9 94
v 10 114
v 11 133
v 12 153
v 13 152
v 14 172
v 15 171
v 16 191
v 17 190
v 18 210
v 19 209
v 20 208
v 21 228
v 22 227
v 23 247
v 24 246
v 25 245
v 26 265
v 27 264
v 28 263
e 1 2 0
e 2 3 1
e 3 4 2
e 4 5 3
e 5 6 4
e 6 7 5
e 7 8 6
e 8 9 7
e 9 10 8
e 10 11 9
e 11 12 10
e 12 13 11
e 13 14 12
e 14 15 13
e 15 16 14
e 16 17 15
e 17 18 16
e 18 19 17
e 19 20 18
e 20 21 19
e 21 22 20
e 22 23 21
e 23 24 22
e 24 25 23
e 25 26 24
e 26 27 25
e 27 28 26
