v 1 244
v 2 224
v 3 204
v 4 184
v 5 183
v 6 203
v 7 183
v 8 184
v 9 164
v 10 163
v 11 164
v 12 163
v 13 143
v 14 123
v 15 103
v 16 102
v 17 103
v 18 83
v 19 103
v 20 83
v 21 63
v 22 83
v 23 63
v 24 43
v 25 64
v 26 44
v 27 43
v 28 23
v 29 24
v 30 3
v 31 24
v 32 4
e 1 2 0
e 2 3 1
e 3 4 2
e 4 5 3
e 5 6 4
e 6 7 5
e 7 8 6
e 8 9 7
e 9 10 8
e 10 11 9
e 11 12 10
e 12 13 11
e 13 14 12
e 14 15 13
e 15 16 14
e 16 17 15
e 17 18 16
e 18 19 17
e 19 20 18
e 20 21 19
e 21 22 20
e 22 23 21
e 23 24 22
e 24 25 23
e 25 26 24
e 26 27 25
e 27 28 26
e 28 29 27
e 29 30 28
e 30 31 29
e 31 32 30
