v 1 18
v 2 38
v 3 37
v 4 57
v 5 56
v 6 76
v 7 75
v 8 74
v 9 94
v 10 93
v 11 92
v 12 112
v 13 111
v 14 131
v 15 130
v 16 129
v 17 149
v 18 148
v 19 168
v 20 167
v 21 187
v 22 188
v 23 187
v 24 188
v 25 168
v 26 169
v 27 149
v 28 150
v 29 130
v 30 131
v 31 112
v 32 92
v 33 93
v 34 94
v 35 74
v 36 55
v 37 36
v 38 16
v 39 17
v 40 16
v 41 17
v 42 16
v 43 17
v 44 18
e 1 2 0
e 2 3 1
e 3 4 2
e 4 5 3
e 5 6 4
e 6 7 5
e 7 8 6
e 8 9 7
e 9 10 8
e 10 11 9
e 11 12 10
e 12 13 11
e 13 14 12
e 14 15 13
e 15 16 14
e 16 17 15
e 17 18 16
e 18 19 17
e 19 20 18
e 20 21 19
e 21 22 20
e 22 23 21
e 23 24 22
e 24 25 23
e 25 26 24
e 26 27 25
e 27 28 26
e 28 29 27
e 29 30 28
e 30 31 29
e 31 32 30
e 32 33 31
e 33 34 32
e 34 35 33
e 35 36 34
e 36 37 35
e 37 38 36
e 38 39 37
e 39 40 38
e 40 41 39
e 41 42 40
e 42 43 41
e 43 44 42
