v 1 263
v 2 243
v 3 223
v 4 203
v 5 183
v 6 184
v 7 164
v 8 165
v 9 145
v 10 125
v 11 126
v 12 106
v 13 107
v 14 87
v 15 88
v 16 89
v 17 90
v 18 91
v 19 92
v 20 112
v 21 113
v 22 114
v 23 134
v 24 135
v 25 155
v 26 154
v 27 174
v 28 173
v 29 172
v 30 171
v 31 170
v 32 169
v 33 168
v 34 188
v 35 187
v 36 207
v 37 206
v 38 225
v 39 224
v 40 244
v 41 264
v 42 263
e 1 2 0
e 2 3 1
e 3 4 2
e 4 5 3
e 5 6 4
e 6 7 5
e 7 8 6
e 8 9 7
e 9 10 8
e 10 11 9
e 11 12 10
e 12 13 11
e 13 14 12
e 14 15 13
e 15 16 14
e 16 17 15
e 17 18 16
e 18 19 17
e 19 20 18
e 20 21 19
e 21 22 20
e 22 23 21
e 23 24 22
e 24 25 23
e 25 26 24
e 26 27 25
e 27 28 26
e 28 29 27
e 29 30 28
e 30 31 29
e 31 32 30
e 32 33 31
e 33 34 32
e 34 35 33
e 35 36 34
e 36 37 35
e 37 38 36
e 38 39 37
e 39 40 38
e 40 41 39
e 41 42 40
