v 1 263
v 2 243
v 3 223
v 4 203
v 5 204
v 6 184
v 7 164
v 8 144
v 9 124
v 10 104
v 11 84
v 12 85
v 13 65
v 14 85
v 15 65
v 16 85
v 17 65
v 18 85
v 19 65
v 20 64
v 21 84
v 22 64
v 23 65
v 24 64
v 25 83
v 26 103
v 27 102
v 28 122
v 29 121
v 30 141
v 31 161
v 32 160
v 33 180
e 1 2 0
e 2 3 1
e 3 4 2
e 4 5 3
e 5 6 4
e 6 7 5
e 7 8 6
e 8 9 7
e 9 10 8
e 10 11 9
e 11 12 10
e 12 13 11
e 13 14 12
e 14 15 13
e 15 16 14
e 16 17 15
e 17 18 16
e 18 19 17
e 19 20 18
e 20 21 19
e 21 22 20
e 22 23 21
e 23 24 22
e 24 25 23
e 25 26 24
e 26 27 25
e 27 28 26
e 28 29 27
e 29 30 28
e 30 31 29
e 31 32 30
e 32 33 31
