v 1 181
v 2 182
v 3 162
v 4 163
v 5 143
v 6 144
v 7 124
v 8 125
v 9 105
v 10 106
v 11 87
v 12 88
v 13 68
v 14 69
v 15 70
v 16 69
v 17 49
v 18 69
v 19 49
v 20 69
v 21 49
v 22 48
v 23 47
v 24 67
v 25 66
v 26 67
v 27 66
v 28 67
v 29 87
v 30 67
v 31 66
v 32 67
v 33 87
v 34 86
v 35 106
v 36 105
v 37 125
v 38 145
v 39 165
v 40 164
v 41 184
v 42 204
v 43 224
v 44 244
v 45 263
v 46 283
v 47 263
v 48 283
e 1 2 0
e 2 3 1
e 3 4 2
e 4 5 3
e 5 6 4
e 6 7 5
e 7 8 6
e 8 9 7
e 9 10 8
e 10 11 9
e 11 12 10
e 12 13 11
e 13 14 12
e 14 15 13
e 15 16 14
e 16 17 15
e 17 18 16
e 18 19 17
e 19 20 18
e 20 21 19
e 21 22 20
e 22 23 21
e 23 24 22
e 24 25 23
e 25 26 24
e 26 27 25
e 27 28 26
e 28 29 27
e 29 30 28
e 30 31 29
e 31 32 30
e 32 33 31
e 33 34 32
e 34 35 33
e 35 36 34
e 36 37 35
e 37 38 36
e 38 39 37
e 39 40 38
e 40 41 39
e 41 42 40
e 42 43 41
e 43 44 42
e 44 45 43
e 45 46 44
e 46 47 45
e 47 48 46
