v 1 181
v 2 180
v 3 160
v 4 161
v 5 141
v 6 121
v 7 122
v 8 102
v 9 82
v 10 83
v 11 63
v 12 43
v 13 44
v 14 24
v 15 25
v 16 26
v 17 47
v 18 48
v 19 69
v 20 70
v 21 71
v 22 72
v 23 73
v 24 53
v 25 54
v 26 53
v 27 73
v 28 54
v 29 55
v 30 35
v 31 54
v 32 35
v 33 16
v 34 35
v 35 54
v 36 55
v 37 56
v 38 36
v 39 37
v 40 17
v 41 18
e 1 2 0
e 2 3 1
e 3 4 2
e 4 5 3
e 5 6 4
e 6 7 5
e 7 8 6
e 8 9 7
e 9 10 8
e 10 11 9
e 11 12 10
e 12 13 11
e 13 14 12
e 14 15 13
e 15 16 14
e 16 17 15
e 17 18 16
e 18 19 17
e 19 20 18
e 20 21 19
e 21 22 20
e 22 23 21
e 23 24 22
e 24 25 23
e 25 26 24
e 26 27 25
e 27 28 26
e 28 29 27
e 29 30 28
e 30 31 29
e 31 32 30
e 32 33 31
e 33 34 32
e 34 35 33
e 35 36 34
e 36 37 35
e 37 38 36
e 38 39 37
e 39 40 38
e 40 41 39
