v 1 99
v 2 79
v 3 59
v 4 39
v 5 59
v 6 39
v 7 59
v 8 39
v 9 59
v 10 79
v 11 78
v 12 77
v 13 97
v 14 96
v 15 116
v 16 115
v 17 114
v 18 134
v 19 133
v 20 132
v 21 152
v 22 151
v 23 170
v 24 169
v 25 189
v 26 188
v 27 187
v 28 186
v 29 206
v 30 205
v 31 225
v 32 224
v 33 244
v 34 263
e 1 2 0
e 2 3 1
e 3 4 2
e 4 5 3
e 5 6 4
e 6 7 5
e 7 8 6
e 8 9 7
e 9 10 8
e 10 11 9
e 11 12 10
e 12 13 11
e 13 14 12
e 14 15 13
e 15 16 14
e 16 17 15
e 17 18 16
e 18 19 17
e 19 20 18
e 20 21 19
e 21 22 20
e 22 23 21
e 23 24 22
e 24 25 23
e 25 26 24
e 26 27 25
e 27 28 26
e 28 29 27
e 29 30 28
e 30 31 29
e 31 32 30
e 32 33 31
e 33 34 32
