v 1 14
v 2 15
v 3 35
v 4 55
v 5 75
v 6 74
v 7 94
v 8 74
v 9 94
v 10 93
v 11 113
v 12 132
v 13 131
v 14 130
v 15 129
v 16 128
v 17 148
v 18 147
v 19 146
v 20 145
v 21 144
v 22 143
v 23 142
v 24 141
v 25 161
v 26 141
v 27 142
v 28 122
v 29 123
v 30 103
v 31 123
v 32 143
v 33 163
v 34 182
v 35 183
v 36 203
v 37 223
v 38 243
v 39 263
v 40 283
e 1 2 0
e 2 3 1
e 3 4 2
e 4 5 3
e 5 6 4
e 6 7 5
e 7 8 6
e 8 9 7
e 9 10 8
e 10 11 9
e 11 12 10
e 12 13 11
e 13 14 12
e 14 15 13
e 15 16 14
e 16 17 15
e 17 18 16
e 18 19 17
e 19 20 18
e 20 21 19
e 21 22 20
e 22 23 21
e 23 24 22
e 24 25 23
e 25 26 24
e 26 27 25
e 27 28 26
e 28 29 27
e 29 30 28
e 30 31 29
e 31 32 30
e 32 33 31
e 33 34 32
e 34 35 33
e 35 36 34
e 36 37 35
e 37 38 36
e 38 39 37
e 39 40 38
