v 1 160
v 2 161
v 3 162
v 4 163
v 5 164
v 6 165
v 7 145
v 8 165
v 9 145
v 10 165
v 11 146
v 12 147
v 13 167
v 14 148
v 15 168
v 16 169
v 17 170
v 18 171
v 19 172
v 20 193
v 21 194
v 22 214
v 23 215
v 24 216
v 25 236
v 26 237
v 27 257
v 28 258
v 29 278
v 30 279
v 31 278
v 32 299
v 33 278
v 34 298
e 1 2 0
e 2 3 1
e 3 4 2
e 4 5 3
e 5 6 4
e 6 7 5
e 7 8 6
e 8 9 7
e 9 10 8
e 10 11 9
e 11 12 10
e 12 13 11
e 13 14 12
e 14 15 13
e 15 16 14
e 16 17 15
e 17 18 16
e 18 19 17
e 19 20 18
e 20 21 19
e 21 22 20
e 22 23 21
e 23 24 22
e 24 25 23
e 25 26 24
e 26 27 25
e 27 28 26
e 28 29 27
e 29 30 28
e 30 31 29
e 31 32 30
e 32 33 31
e 33 34 32
