v 1 19
v 2 18
v 3 38
v 4 37
v 5 57
v 6 56
v 7 75
v 8 74
v 9 94
v 10 93
v 11 92
v 12 112
v 13 111
v 14 131
v 15 130
v 16 150
v 17 149
v 18 168
v 19 167
v 20 187
v 21 186
v 22 206
v 23 205
v 24 225
v 25 245
v 26 244
v 27 264
v 28 263
v 29 264
v 30 263
e 1 2 0
e 2 3 1
e 3 4 2
e 4 5 3
e 5 6 4
e 6 7 5
e 7 8 6
e 8 9 7
e 9 10 8
e 10 11 9
e 11 12 10
e 12 13 11
e 13 14 12
e 14 15 13
e 15 16 14
e 16 17 15
e 17 18 16
e 18 19 17
e 19 20 18
e 20 21 19
e 21 22 20
e 22 23 21
e 23 24 22
e 24 25 23
e 25 26 24
e 26 27 25
e 27 28 26
e 28 29 27
e 29 30 28
