v 1 7
v 2 8
v 3 28
v 4 29
v 5 49
v 6 50
v 7 51
v 8 71
v 9 72
v 10 73
v 11 74
v 12 94
v 13 95
v 14 115
v 15 114
v 16 134
v 17 133
v 18 153
v 19 152
v 20 171
v 21 170
v 22 169
v 23 189
v 24 188
v 25 187
v 26 207
v 27 206
v 28 205
v 29 225
v 30 224
v 31 223
e 1 2 0
e 2 3 1
e 3 4 2
e 4 5 3
e 5 6 4
e 6 7 5
e 7 8 6
e 8 9 7
e 9 10 8
e 10 11 9
e 11 12 10
e 12 13 11
e 13 14 12
e 14 15 13
e 15 16 14
e 16 17 15
e 17 18 16
e 18 19 17
e 19 20 18
e 20 21 19
e 21 22 20
e 22 23 21
e 23 24 22
e 24 25 23
e 25 26 24
e 26 27 25
e 27 28 26
e 28 29 27
e 29 30 28
e 30 31 29
