v 1 263
v 2 243
v 3 224
v 4 204
v 5 184
v 6 185
v 7 165
v 8 166
v 9 146
v 10 147
v 11 127
v 12 128
v 13 129
v 14 109
v 15 110
v 16 90
v 17 91
v 18 71
v 19 72
v 20 53
v 21 54
v 22 34
v 23 35
v 24 15
v 25 16
v 26 15
v 27 16
v 28 15
v 29 16
v 30 15
v 31 16
v 32 15
e 1 2 0
e 2 3 1
e 3 4 2
e 4 5 3
e 5 6 4
e 6 7 5
e 7 8 6
e 8 9 7
e 9 10 8
e 10 11 9
e 11 12 10
e 12 13 11
e 13 14 12
e 14 15 13
e 15 16 14
e 16 17 15
e 17 18 16
e 18 19 17
e 19 20 18
e 20 21 19
e 21 22 20
e 22 23 21
e 23 24 22
e 24 25 23
e 25 26 24
e 26 27 25
e 27 28 26
e 28 29 27
e 29 30 28
e 30 31 29
e 31 32 30
