v 1 7
v 2 6
v 3 26
v 4 25
v 5 45
v 6 65
v 7 45
v 8 65
v 9 85
v 10 87
v 11 86
v 12 106
v 13 126
v 14 125
v 15 145
v 16 165
v 17 164
v 18 184
v 19 204
v 20 203
v 21 223
v 22 243
v 23 244
v 24 224
v 25 204
v 26 184
v 27 164
v 28 144
v 29 145
v 30 125
v 31 105
v 32 106
v 33 86
v 34 87
v 35 67
v 36 68
v 37 69
v 38 70
v 39 71
v 40 72
v 41 73
v 42 53
v 43 54
v 44 55
v 45 56
v 46 36
v 47 37
v 48 17
v 49 18
e 1 2 0
e 2 3 1
e 3 4 2
e 4 5 3
e 5 6 4
e 6 7 5
e 7 8 6
e 8 9 7
e 9 10 8
e 10 11 9
e 11 12 10
e 12 13 11
e 13 14 12
e 14 15 13
e 15 16 14
e 16 17 15
e 17 18 16
e 18 19 17
e 19 20 18
e 20 21 19
e 21 22 20
e 22 23 21
e 23 24 22
e 24 25 23
e 25 26 24
e 26 27 25
e 27 28 26
e 28 29 27
e 29 30 28
e 30 31 29
e 31 32 30
e 32 33 31
e 33 34 32
e 34 35 33
e 35 36 34
e 36 37 35
e 37 38 36
e 38 39 37
e 39 40 38
e 40 41 39
e 41 42 40
e 42 43 41
e 43 44 42
e 44 45 43
e 45 46 44
e 46 47 45
e 47 48 46
e 48 49 47
