v 1 9
v 2 8
v 3 28
v 4 27
v 5 47
v 6 46
v 7 66
v 8 86
v 9 106
v 10 105
v 11 125
v 12 145
v 13 144
v 14 164
v 15 184
v 16 204
v 17 224
v 18 223
v 19 244
v 20 224
v 21 225
v 22 205
v 23 185
v 24 165
v 25 145
v 26 125
v 27 105
v 28 106
v 29 86
v 30 66
v 31 67
v 32 47
v 33 27
v 34 28
v 35 8
v 36 9
e 1 2 0
e 2 3 1
e 3 4 2
e 4 5 3
e 5 6 4
e 6 7 5
e 7 8 6
e 8 9 7
e 9 10 8
e 10 11 9
e 11 12 10
e 12 13 11
e 13 14 12
e 14 15 13
e 15 16 14
e 16 17 15
e 17 18 16
e 18 19 17
e 19 20 18
e 20 21 19
e 21 22 20
e 22 23 21
e 23 24 22
e 24 25 23
e 25 26 24
e 26 27 25
e 27 28 26
e 28 29 27
e 29 30 28
e 30 31 29
e 31 32 30
e 32 33 31
e 33 34 32
e 34 35 33
e 35 36 34
