v 1 263
v 2 244
v 3 224
v 4 225
v 5 205
v 6 206
v 7 186
v 8 187
v 9 167
v 10 168
v 11 148
v 12 149
v 13 129
v 14 130
v 15 110
v 16 111
v 17 91
v 18 92
v 19 73
v 20 74
v 21 54
v 22 34
v 23 35
v 24 34
v 25 35
v 26 34
v 27 35
v 28 34
v 29 35
v 30 34
v 31 35
v 32 34
v 33 35
v 34 15
e 1 2 0
e 2 3 1
e 3 4 2
e 4 5 3
e 5 6 4
e 6 7 5
e 7 8 6
e 8 9 7
e 9 10 8
e 10 11 9
e 11 12 10
e 12 13 11
e 13 14 12
e 14 15 13
e 15 16 14
e 16 17 15
e 17 18 16
e 18 19 17
e 19 20 18
e 20 21 19
e 21 22 20
e 22 23 21
e 23 24 22
e 24 25 23
e 25 26 24
e 26 27 25
e 27 28 26
e 28 29 27
e 29 30 28
e 30 31 29
e 31 32 30
e 32 33 31
e 33 34 32
