v 1 203
v 2 204
v 3 203
v 4 183
v 5 184
v 6 164
v 7 165
v 8 145
v 9 126
v 10 146
v 11 126
v 12 127
v 13 107
v 14 108
v 15 109
v 16 89
v 17 90
v 18 91
v 19 72
v 20 92
v 21 72
v 22 73
v 23 74
v 24 54
v 25 55
v 26 56
v 27 36
v 28 37
v 29 17
v 30 18
v 31 19
v 32 18
v 33 19
e 1 2 0
e 2 3 1
e 3 4 2
e 4 5 3
e 5 6 4
e 6 7 5
e 7 8 6
e 8 9 7
e 9 10 8
e 10 11 9
e 11 12 10
e 12 13 11
e 13 14 12
e 14 15 13
e 15 16 14
e 16 17 15
e 17 18 16
e 18 19 17
e 19 20 18
e 20 21 19
e 21 22 20
e 22 23 21
e 23 24 22
e 24 25 23
e 25 26 24
e 26 27 25
e 27 28 26
e 28 29 27
e 29 30 28
e 30 31 29
e 31 32 30
e 32 33 31
