v 1 263
v 2 264
v 3 244
v 4 264
v 5 244
v 6 224
v 7 204
v 8 205
v 9 185
v 10 186
v 11 166
v 12 167
v 13 147
v 14 128
v 15 129
v 16 109
v 17 110
v 18 90
v 19 91
v 20 71
v 21 72
v 22 53
v 23 54
v 24 34
v 25 35
v 26 15
v 27 35
v 28 15
v 29 14
e 1 2 0
e 2 3 1
e 3 4 2
e 4 5 3
e 5 6 4
e 6 7 5
e 7 8 6
e 8 9 7
e 9 10 8
e 10 11 9
e 11 12 10
e 12 13 11
e 13 14 12
e 14 15 13
e 15 16 14
e 16 17 15
e 17 18 16
e 18 19 17
e 19 20 18
e 20 21 19
e 21 22 20
e 22 23 21
e 23 24 22
e 24 25 23
e 25 26 24
e 26 27 25
e 27 28 26
e 28 29 27
