v 1 263
v 2 264
v 3 263
v 4 264
v 5 263
v 6 243
v 7 224
v 8 204
v 9 205
v 10 185
v 11 186
v 12 187
v 13 167
v 14 148
v 15 149
v 16 129
v 17 130
v 18 110
v 19 111
v 20 112
v 21 92
v 22 93
v 23 73
v 24 74
v 25 54
v 26 55
v 27 35
v 28 15
v 29 16
v 30 36
v 31 35
v 32 36
v 33 35
v 34 36
v 35 35
v 36 36
v 37 35
v 38 36
v 39 35
v 40 36
v 41 35
v 42 36
v 43 35
v 44 36
v 45 35
v 46 36
v 47 35
v 48 36
v 49 16
v 50 37
v 51 38
v 52 39
v 53 19
v 54 18
e 1 2 0
e 2 3 1
e 3 4 2
e 4 5 3
e 5 6 4
e 6 7 5
e 7 8 6
e 8 9 7
e 9 10 8
e 10 11 9
e 11 12 10
e 12 13 11
e 13 14 12
e 14 15 13
e 15 16 14
e 16 17 15
e 17 18 16
e 18 19 17
e 19 20 18
e 20 21 19
e 21 22 20
e 22 23 21
e 23 24 22
e 24 25 23
e 25 26 24
e 26 27 25
e 27 28 26
e 28 29 27
e 29 30 28
e 30 31 29
e 31 32 30
e 32 33 31
e 33 34 32
e 34 35 33
e 35 36 34
e 36 37 35
e 37 38 36
e 38 39 37
e 39 40 38
e 40 41 39
e 41 42 40
e 42 43 41
e 43 44 42
e 44 45 43
e 45 46 44
e 46 47 45
e 47 48 46
e 48 49 47
e 49 50 48
e 50 51 49
e 51 52 50
e 52 53 51
e 53 54 52
