v 1 18
v 2 19
v 3 18
v 4 17
v 5 37
v 6 36
v 7 56
v 8 55
v 9 75
v 10 74
v 11 94
v 12 93
v 13 113
v 14 112
v 15 131
v 16 150
v 17 149
v 18 169
v 19 168
v 20 188
v 21 187
v 22 207
v 23 206
v 24 226
v 25 225
v 26 245
v 27 244
v 28 264
v 29 263
v 30 283
v 31 284
e 1 2 0
e 2 3 1
e 3 4 2
e 4 5 3
e 5 6 4
e 6 7 5
e 7 8 6
e 8 9 7
e 9 10 8
e 10 11 9
e 11 12 10
e 12 13 11
e 13 14 12
e 14 15 13
e 15 16 14
e 16 17 15
e 17 18 16
e 18 19 17
e 19 20 18
e 20 21 19
e 21 22 20
e 22 23 21
e 23 24 22
e 24 25 23
e 25 26 24
e 26 27 25
e 27 28 26
e 28 29 27
e 29 30 28
e 30 31 29
