v 1 263
v 2 264
v 3 263
v 4 264
v 5 244
v 6 245
v 7 225
v 8 226
v 9 206
v 10 207
v 11 208
v 12 188
v 13 189
v 14 169
v 15 170
v 16 151
v 17 132
v 18 152
v 19 132
v 20 113
v 21 94
v 22 74
v 23 75
v 24 55
v 25 36
v 26 37
v 27 17
v 28 37
v 29 17
v 30 16
v 31 17
v 32 18
v 33 39
e 1 2 0
e 2 3 1
e 3 4 2
e 4 5 3
e 5 6 4
e 6 7 5
e 7 8 6
e 8 9 7
e 9 10 8
e 10 11 9
e 11 12 10
e 12 13 11
e 13 14 12
e 14 15 13
e 15 16 14
e 16 17 15
e 17 18 16
e 18 19 17
e 19 20 18
e 20 21 19
e 21 22 20
e 22 23 21
e 23 24 22
e 24 25 23
e 25 26 24
e 26 27 25
e 27 28 26
e 28 29 27
e 29 30 28
e 30 31 29
e 31 32 30
e 32 33 31
