v 1 160
v 2 140
v 3 120
v 4 100
v 5 80
v 6 81
v 7 61
v 8 41
v 9 21
v 10 22
v 11 2
v 12 3
v 13 4
v 14 3
v 15 4
v 16 3
v 17 4
v 18 5
v 19 4
v 20 24
v 21 23
v 22 43
v 23 63
v 24 82
v 25 83
v 26 82
v 27 102
v 28 122
v 29 142
v 30 162
v 31 183
v 32 203
v 33 223
v 34 224
v 35 244
v 36 264
v 37 263
e 1 2 0
e 2 3 1
e 3 4 2
e 4 5 3
e 5 6 4
e 6 7 5
e 7 8 6
e 8 9 7
e 9 10 8
e 10 11 9
e 11 12 10
e 12 13 11
e 13 14 12
e 14 15 13
e 15 16 14
e 16 17 15
e 17 18 16
e 18 19 17
e 19 20 18
e 20 21 19
e 21 22 20
e 22 23 21
e 23 24 22
e 24 25 23
e 25 26 24
e 26 27 25
e 27 28 26
e 28 29 27
e 29 30 28
e 30 31 29
e 31 32 30
e 32 33 31
e 33 34 32
e 34 35 33
e 35 36 34
e 36 37 35
