v 1 2
v 2 22
v 3 23
v 4 42
v 5 62
v 6 63
v 7 62
v 8 82
v 9 102
v 10 122
v 11 142
v 12 141
v 13 161
v 14 160
v 15 180
v 16 181
v 17 161
v 18 160
v 19 140
v 20 120
v 21 140
v 22 120
v 23 140
v 24 120
v 25 140
v 26 120
v 27 140
v 28 120
v 29 140
v 30 120
v 31 140
v 32 120
v 33 140
v 34 120
v 35 140
v 36 120
v 37 140
v 38 120
v 39 140
v 40 120
v 41 140
v 42 120
v 43 140
v 44 120
v 45 140
v 46 120
v 47 140
v 48 120
v 49 140
v 50 120
v 51 140
v 52 120
v 53 140
v 54 120
v 55 140
v 56 120
v 57 140
v 58 120
v 59 140
v 60 120
v 61 140
v 62 120
v 63 140
v 64 120
v 65 140
v 66 120
v 67 140
v 68 120
v 69 140
v 70 120
v 71 140
v 72 120
v 73 140
v 74 120
v 75 140
v 76 120
v 77 140
v 78 120
v 79 140
v 80 120
v 81 140
v 82 120
v 83 140
v 84 120
v 85 140
v 86 120
v 87 140
v 88 120
v 89 140
v 90 120
v 91 140
v 92 120
v 93 140
v 94 120
v 95 140
v 96 120
v 97 140
v 98 120
v 99 140
v 100 120
v 101 140
v 102 120
v 103 140
v 104 120
v 105 140
v 106 120
v 107 140
v 108 120
v 109 140
v 110 120
v 111 140
v 112 120
v 113 140
v 114 120
v 115 140
v 116 160
v 117 180
e 1 2 0
e 2 3 1
e 3 4 2
e 4 5 3
e 5 6 4
e 6 7 5
e 7 8 6
e 8 9 7
e 9 10 8
e 10 11 9
e 11 12 10
e 12 13 11
e 13 14 12
e 14 15 13
e 15 16 14
e 16 17 15
e 17 18 16
e 18 19 17
e 19 20 18
e 20 21 19
e 21 22 20
e 22 23 21
e 23 24 22
e 24 25 23
e 25 26 24
e 26 27 25
e 27 28 26
e 28 29 27
e 29 30 28
e 30 31 29
e 31 32 30
e 32 33 31
e 33 34 32
e 34 35 33
e 35 36 34
e 36 37 35
e 37 38 36
e 38 39 37
e 39 40 38
e 40 41 39
e 41 42 40
e 42 43 41
e 43 44 42
e 44 45 43
e 45 46 44
e 46 47 45
e 47 48 46
e 48 49 47
e 49 50 48
e 50 51 49
e 51 52 50
e 52 53 51
e 53 54 52
e 54 55 53
e 55 56 54
e 56 57 55
e 57 58 56
e 58 59 57
e 59 60 58
e 60 61 59
e 61 62 60
e 62 63 61
e 63 64 62
e 64 65 63
e 65 66 64
e 66 67 65
e 67 68 66
e 68 69 67
e 69 70 68
e 70 71 69
e 71 72 70
e 72 73 71
e 73 74 72
e 74 75 73
e 75 76 74
e 76 77 75
e 77 78 76
e 78 79 77
e 79 80 78
e 80 81 79
e 81 82 80
e 82 83 81
e 83 84 82
e 84 85 83
e 85 86 84
e 86 87 85
e 87 88 86
e 88 89 87
e 89 90 88
e 90 91 89
e 91 92 90
e 92 93 91
e 93 94 92
e 94 95 93
e 95 96 94
e 96 97 95
e 97 98 96
e 98 99 97
e 99 100 98
e 100 101 99
e 101 102 100
e 102 103 101
e 103 104 102
e 104 105 103
e 105 106 104
e 106 107 105
e 107 108 106
e 108 109 107
e 109 110 108
e 110 111 109
e 111 112 110
e 112 113 111
e 113 114 112
e 114 115 113
e 115 116 114
e 116 117 115
