v 1 244
v 2 225
v 3 206
v 4 226
v 5 227
v 6 207
v 7 208
v 8 188
v 9 169
v 10 150
v 11 151
v 12 131
v 13 151
v 14 132
v 15 112
v 16 113
v 17 114
v 18 94
v 19 74
v 20 75
v 21 55
v 22 76
v 23 56
v 24 55
v 25 56
v 26 36
v 27 16
v 28 15
e 1 2 0
e 2 3 1
e 3 4 2
e 4 5 3
e 5 6 4
e 6 7 5
e 7 8 6
e 8 9 7
e 9 10 8
e 10 11 9
e 11 12 10
e 12 13 11
e 13 14 12
e 14 15 13
e 15 16 14
e 16 17 15
e 17 18 16
e 18 19 17
e 19 20 18
e 20 21 19
e 21 22 20
e 22 23 21
e 23 24 22
e 24 25 23
e 25 26 24
e 26 27 25
e 27 28 26
