v 1 284
v 2 263
v 3 243
v 4 244
v 5 224
v 6 223
v 7 204
v 8 184
v 9 164
v 10 144
v 11 143
v 12 123
v 13 103
v 14 104
v 15 84
v 16 64
v 17 65
v 18 45
v 19 46
v 20 26
v 21 46
v 22 47
v 23 67
v 24 88
v 25 109
v 26 110
v 27 130
v 28 131
v 29 151
v 30 152
v 31 172
v 32 173
v 33 193
v 34 194
v 35 195
v 36 215
v 37 216
v 38 236
v 39 237
v 40 257
v 41 278
v 42 298
e 1 2 0
e 2 3 1
e 3 4 2
e 4 5 3
e 5 6 4
e 6 7 5
e 7 8 6
e 8 9 7
e 9 10 8
e 10 11 9
e 11 12 10
e 12 13 11
e 13 14 12
e 14 15 13
e 15 16 14
e 16 17 15
e 17 18 16
e 18 19 17
e 19 20 18
e 20 21 19
e 21 22 20
e 22 23 21
e 23 24 22
e 24 25 23
e 25 26 24
e 26 27 25
e 27 28 26
e 28 29 27
e 29 30 28
e 30 31 29
e 31 32 30
e 32 33 31
e 33 34 32
e 34 35 33
e 35 36 34
e 36 37 35
e 37 38 36
e 38 39 37
e 39 40 38
e 40 41 39
e 41 42 40
