v 1 288
v 2 268
v 3 248
v 4 228
v 5 208
v 6 188
v 7 168
v 8 148
v 9 128
v 10 108
v 11 88
v 12 68
v 13 69
v 14 49
v 15 50
v 16 30
v 17 50
v 18 49
v 19 69
v 20 70
v 21 71
v 22 51
v 23 52
v 24 72
v 25 73
v 26 53
v 27 54
v 28 55
v 29 56
v 30 36
v 31 16
v 32 17
v 33 18
v 34 19
e 1 2 0
e 2 3 1
e 3 4 2
e 4 5 3
e 5 6 4
e 6 7 5
e 7 8 6
e 8 9 7
e 9 10 8
e 10 11 9
e 11 12 10
e 12 13 11
e 13 14 12
e 14 15 13
e 15 16 14
e 16 17 15
e 17 18 16
e 18 19 17
e 19 20 18
e 20 21 19
e 21 22 20
e 22 23 21
e 23 24 22
e 24 25 23
e 25 26 24
e 26 27 25
e 27 28 26
e 28 29 27
e 29 30 28
e 30 31 29
e 31 32 30
e 32 33 31
e 33 34 32
