v 1 181
v 2 180
v 3 181
v 4 161
v 5 162
v 6 163
v 7 143
v 8 144
v 9 145
v 10 125
v 11 145
v 12 125
v 13 126
v 14 127
v 15 128
v 16 129
v 17 130
v 18 131
v 19 112
v 20 113
v 21 93
v 22 94
v 23 74
v 24 75
v 25 55
v 26 56
v 27 36
v 28 37
v 29 17
v 30 18
v 31 17
v 32 18
e 1 2 0
e 2 3 1
e 3 4 2
e 4 5 3
e 5 6 4
e 6 7 5
e 7 8 6
e 8 9 7
e 9 10 8
e 10 11 9
e 11 12 10
e 12 13 11
e 13 14 12
e 14 15 13
e 15 16 14
e 16 17 15
e 17 18 16
e 18 19 17
e 19 20 18
e 20 21 19
e 21 22 20
e 22 23 21
e 23 24 22
e 24 25 23
e 25 26 24
e 26 27 25
e 27 28 26
e 28 29 27
e 29 30 28
e 30 31 29
e 31 32 30
