v 1 263
v 2 264
v 3 244
v 4 225
v 5 205
v 6 206
v 7 207
v 8 187
v 9 186
v 10 185
v 11 184
v 12 183
v 13 184
v 14 185
v 15 186
v 16 166
v 17 167
v 18 147
v 19 148
v 20 128
v 21 129
v 22 109
v 23 110
v 24 111
v 25 91
v 26 92
v 27 93
v 28 73
v 29 74
v 30 54
v 31 35
v 32 16
v 33 17
v 34 16
v 35 15
v 36 35
v 37 34
v 38 54
v 39 53
v 40 54
v 41 34
v 42 35
v 43 36
v 44 37
v 45 57
v 46 58
v 47 59
e 1 2 0
e 2 3 1
e 3 4 2
e 4 5 3
e 5 6 4
e 6 7 5
e 7 8 6
e 8 9 7
e 9 10 8
e 10 11 9
e 11 12 10
e 12 13 11
e 13 14 12
e 14 15 13
e 15 16 14
e 16 17 15
e 17 18 16
e 18 19 17
e 19 20 18
e 20 21 19
e 21 22 20
e 22 23 21
e 23 24 22
e 24 25 23
e 25 26 24
e 26 27 25
e 27 28 26
e 28 29 27
e 29 30 28
e 30 31 29
e 31 32 30
e 32 33 31
e 33 34 32
e 34 35 33
e 35 36 34
e 36 37 35
e 37 38 36
e 38 39 37
e 39 40 38
e 40 41 39
e 41 42 40
e 42 43 41
e 43 44 42
e 44 45 43
e 45 46 44
e 46 47 45
