v 1 263
v 2 244
v 3 224
v 4 204
v 5 184
v 6 164
v 7 144
v 8 164
v 9 144
v 10 124
v 11 144
v 12 124
v 13 104
v 14 105
v 15 104
v 16 105
v 17 85
v 18 86
v 19 87
v 20 67
v 21 68
v 22 69
v 23 68
v 24 69
v 25 89
v 26 68
v 27 88
v 28 68
v 29 88
v 30 68
v 31 88
v 32 68
v 33 67
v 34 66
v 35 46
v 36 66
v 37 46
v 38 25
v 39 45
v 40 46
v 41 45
v 42 25
v 43 24
v 44 4
v 45 24
e 1 2 0
e 2 3 1
e 3 4 2
e 4 5 3
e 5 6 4
e 6 7 5
e 7 8 6
e 8 9 7
e 9 10 8
e 10 11 9
e 11 12 10
e 12 13 11
e 13 14 12
e 14 15 13
e 15 16 14
e 16 17 15
e 17 18 16
e 18 19 17
e 19 20 18
e 20 21 19
e 21 22 20
e 22 23 21
e 23 24 22
e 24 25 23
e 25 26 24
e 26 27 25
e 27 28 26
e 28 29 27
e 29 30 28
e 30 31 29
e 31 32 30
e 32 33 31
e 33 34 32
e 34 35 33
e 35 36 34
e 36 37 35
e 37 38 36
e 38 39 37
e 39 40 38
e 40 41 39
e 41 42 40
e 42 43 41
e 43 44 42
e 44 45 43
