v 1 264
v 2 244
v 3 245
v 4 225
v 5 226
v 6 206
v 7 207
v 8 187
v 9 167
v 10 168
v 11 148
v 12 149
v 13 130
v 14 131
v 15 111
v 16 112
v 17 92
v 18 93
v 19 74
v 20 75
v 21 55
v 22 56
v 23 36
v 24 37
v 25 17
v 26 18
v 27 17
v 28 18
v 29 17
v 30 18
e 1 2 0
e 2 3 1
e 3 4 2
e 4 5 3
e 5 6 4
e 6 7 5
e 7 8 6
e 8 9 7
e 9 10 8
e 10 11 9
e 11 12 10
e 12 13 11
e 13 14 12
e 14 15 13
e 15 16 14
e 16 17 15
e 17 18 16
e 18 19 17
e 19 20 18
e 20 21 19
e 21 22 20
e 22 23 21
e 23 24 22
e 24 25 23
e 25 26 24
e 26 27 25
e 27 28 26
e 28 29 27
e 29 30 28
