v 1 8
v 2 7
v 3 6
v 4 26
v 5 46
v 6 45
v 7 65
v 8 84
v 9 104
v 10 124
v 11 144
v 12 143
v 13 163
v 14 183
v 15 203
v 16 223
v 17 243
v 18 244
v 19 224
v 20 204
v 21 184
v 22 164
v 23 165
v 24 145
v 25 125
v 26 126
v 27 127
v 28 128
v 29 129
v 30 130
v 31 111
v 32 112
v 33 92
v 34 73
v 35 53
v 36 54
v 37 34
v 38 14
e 1 2 0
e 2 3 1
e 3 4 2
e 4 5 3
e 5 6 4
e 6 7 5
e 7 8 6
e 8 9 7
e 9 10 8
e 10 11 9
e 11 12 10
e 12 13 11
e 13 14 12
e 14 15 13
e 15 16 14
e 16 17 15
e 17 18 16
e 18 19 17
e 19 20 18
e 20 21 19
e 21 22 20
e 22 23 21
e 23 24 22
e 24 25 23
e 25 26 24
e 26 27 25
e 27 28 26
e 28 29 27
e 29 30 28
e 30 31 29
e 31 32 30
e 32 33 31
e 33 34 32
e 34 35 33
e 35 36 34
e 36 37 35
e 37 38 36
