v 1 263
v 2 264
v 3 263
v 4 264
v 5 244
v 6 245
v 7 225
v 8 205
v 9 206
v 10 187
v 11 168
v 12 149
v 13 129
v 14 130
v 15 110
v 16 111
v 17 91
v 18 92
v 19 91
v 20 92
v 21 72
v 22 73
v 23 53
v 24 54
v 25 53
v 26 54
v 27 35
v 28 15
v 29 16
v 30 17
v 31 18
e 1 2 0
e 2 3 1
e 3 4 2
e 4 5 3
e 5 6 4
e 6 7 5
e 7 8 6
e 8 9 7
e 9 10 8
e 10 11 9
e 11 12 10
e 12 13 11
e 13 14 12
e 14 15 13
e 15 16 14
e 16 17 15
e 17 18 16
e 18 19 17
e 19 20 18
e 20 21 19
e 21 22 20
e 22 23 21
e 23 24 22
e 24 25 23
e 25 26 24
e 26 27 25
e 27 28 26
e 28 29 27
e 29 30 28
e 30 31 29
