v 1 288
v 2 268
v 3 248
v 4 228
v 5 208
v 6 209
v 7 189
v 8 170
v 9 169
v 10 170
v 11 150
v 12 130
v 13 131
v 14 111
v 15 131
v 16 111
v 17 131
v 18 151
v 19 152
v 20 151
v 21 152
v 22 151
v 23 131
v 24 132
v 25 131
v 26 111
v 27 112
v 28 113
v 29 133
v 30 153
v 31 173
v 32 174
v 33 194
v 34 195
v 35 196
v 36 197
v 37 196
v 38 197
v 39 196
v 40 216
v 41 215
v 42 214
v 43 193
v 44 192
v 45 172
v 46 171
v 47 150
v 48 130
v 49 129
v 50 109
v 51 89
v 52 69
v 53 68
v 54 48
v 55 28
v 56 8
v 57 9
e 1 2 0
e 2 3 1
e 3 4 2
e 4 5 3
e 5 6 4
e 6 7 5
e 7 8 6
e 8 9 7
e 9 10 8
e 10 11 9
e 11 12 10
e 12 13 11
e 13 14 12
e 14 15 13
e 15 16 14
e 16 17 15
e 17 18 16
e 18 19 17
e 19 20 18
e 20 21 19
e 21 22 20
e 22 23 21
e 23 24 22
e 24 25 23
e 25 26 24
e 26 27 25
e 27 28 26
e 28 29 27
e 29 30 28
e 30 31 29
e 31 32 30
e 32 33 31
e 33 34 32
e 34 35 33
e 35 36 34
e 36 37 35
e 37 38 36
e 38 39 37
e 39 40 38
e 40 41 39
e 41 42 40
e 42 43 41
e 43 44 42
e 44 45 43
e 45 46 44
e 46 47 45
e 47 48 46
e 48 49 47
e 49 50 48
e 50 51 49
e 51 52 50
e 52 53 51
e 53 54 52
e 54 55 53
e 55 56 54
e 56 57 55
