v 1 141
v 2 121
v 3 102
v 4 101
v 5 82
v 6 83
v 7 63
v 8 64
v 9 65
v 10 66
v 11 67
v 12 68
v 13 89
v 14 70
v 15 71
v 16 72
v 17 71
v 18 72
v 19 71
v 20 72
v 21 71
v 22 72
v 23 71
v 24 72
v 25 71
v 26 70
v 27 69
v 28 88
v 29 87
v 30 107
v 31 106
v 32 126
v 33 125
v 34 124
v 35 144
v 36 143
v 37 163
v 38 162
e 1 2 0
e 2 3 1
e 3 4 2
e 4 5 3
e 5 6 4
e 6 7 5
e 7 8 6
e 8 9 7
e 9 10 8
e 10 11 9
e 11 12 10
e 12 13 11
e 13 14 12
e 14 15 13
e 15 16 14
e 16 17 15
e 17 18 16
e 18 19 17
e 19 20 18
e 20 21 19
e 21 22 20
e 22 23 21
e 23 24 22
e 24 25 23
e 25 26 24
e 26 27 25
e 27 28 26
e 28 29 27
e 29 30 28
e 30 31 29
e 31 32 30
e 32 33 31
e 33 34 32
e 34 35 33
e 35 36 34
e 36 37 35
e 37 38 36
