v 1 263
v 2 264
v 3 263
v 4 264
v 5 244
v 6 224
v 7 204
v 8 205
v 9 184
v 10 185
v 11 184
v 12 165
v 13 164
v 14 163
v 15 164
v 16 163
v 17 164
v 18 165
v 19 145
v 20 146
v 21 126
v 22 147
v 23 127
v 24 128
v 25 129
v 26 109
v 27 110
v 28 111
v 29 91
v 30 92
v 31 72
v 32 73
v 33 53
v 34 54
v 35 55
v 36 35
v 37 36
v 38 37
v 39 17
v 40 18
e 1 2 0
e 2 3 1
e 3 4 2
e 4 5 3
e 5 6 4
e 6 7 5
e 7 8 6
e 8 9 7
e 9 10 8
e 10 11 9
e 11 12 10
e 12 13 11
e 13 14 12
e 14 15 13
e 15 16 14
e 16 17 15
e 17 18 16
e 18 19 17
e 19 20 18
e 20 21 19
e 21 22 20
e 22 23 21
e 23 24 22
e 24 25 23
e 25 26 24
e 26 27 25
e 27 28 26
e 28 29 27
e 29 30 28
e 30 31 29
e 31 32 30
e 32 33 31
e 33 34 32
e 34 35 33
e 35 36 34
e 36 37 35
e 37 38 36
e 38 39 37
e 39 40 38
