v 1 2
v 2 3
v 3 23
v 4 44
v 5 64
v 6 65
v 7 85
v 8 86
v 9 106
v 10 126
v 11 127
v 12 147
v 13 148
v 14 168
v 15 169
v 16 189
v 17 190
v 18 191
v 19 211
v 20 212
v 21 213
v 22 234
v 23 235
v 24 236
v 25 256
v 26 257
v 27 258
v 28 278
v 29 279
v 30 299
e 1 2 0
e 2 3 1
e 3 4 2
e 4 5 3
e 5 6 4
e 6 7 5
e 7 8 6
e 8 9 7
e 9 10 8
e 10 11 9
e 11 12 10
e 12 13 11
e 13 14 12
e 14 15 13
e 15 16 14
e 16 17 15
e 17 18 16
e 18 19 17
e 19 20 18
e 20 21 19
e 21 22 20
e 22 23 21
e 23 24 22
e 24 25 23
e 25 26 24
e 26 27 25
e 27 28 26
e 28 29 27
e 29 30 28
