v 1 263
v 2 264
v 3 244
v 4 224
v 5 225
v 6 205
v 7 206
v 8 186
v 9 187
v 10 167
v 11 168
v 12 148
v 13 149
v 14 150
v 15 130
v 16 131
v 17 111
v 18 112
v 19 92
v 20 93
v 21 94
v 22 74
v 23 75
v 24 76
v 25 56
v 26 57
v 27 37
v 28 38
v 29 18
v 30 19
e 1 2 0
e 2 3 1
e 3 4 2
e 4 5 3
e 5 6 4
e 6 7 5
e 7 8 6
e 8 9 7
e 9 10 8
e 10 11 9
e 11 12 10
e 12 13 11
e 13 14 12
e 14 15 13
e 15 16 14
e 16 17 15
e 17 18 16
e 18 19 17
e 19 20 18
e 20 21 19
e 21 22 20
e 22 23 21
e 23 24 22
e 24 25 23
e 25 26 24
e 26 27 25
e 27 28 26
e 28 29 27
e 29 30 28
