v 1 244
v 2 225
v 3 205
v 4 206
v 5 186
v 6 187
v 7 167
v 8 168
v 9 148
v 10 149
v 11 129
v 12 130
v 13 110
v 14 111
v 15 91
v 16 92
v 17 72
v 18 53
v 19 34
v 20 14
v 21 15
v 22 16
v 23 15
v 24 35
v 25 34
v 26 54
v 27 53
v 28 52
v 29 51
v 30 50
v 31 49
v 32 29
v 33 9
e 1 2 0
e 2 3 1
e 3 4 2
e 4 5 3
e 5 6 4
e 6 7 5
e 7 8 6
e 8 9 7
e 9 10 8
e 10 11 9
e 11 12 10
e 12 13 11
e 13 14 12
e 14 15 13
e 15 16 14
e 16 17 15
e 17 18 16
e 18 19 17
e 19 20 18
e 20 21 19
e 21 22 20
e 22 23 21
e 23 24 22
e 24 25 23
e 25 26 24
e 26 27 25
e 27 28 26
e 28 29 27
e 29 30 28
e 30 31 29
e 31 32 30
e 32 33 31
