v 1 6
v 2 26
v 3 25
v 4 26
v 5 45
v 6 25
v 7 24
v 8 4
v 9 24
v 10 4
v 11 24
v 12 44
v 13 64
v 14 63
v 15 83
v 16 104
v 17 105
v 18 125
v 19 145
v 20 165
v 21 164
v 22 144
v 23 164
v 24 163
v 25 183
v 26 184
v 27 204
v 28 183
v 29 203
v 30 204
v 31 203
v 32 183
v 33 203
v 34 183
e 1 2 0
e 2 3 1
e 3 4 2
e 4 5 3
e 5 6 4
e 6 7 5
e 7 8 6
e 8 9 7
e 9 10 8
e 10 11 9
e 11 12 10
e 12 13 11
e 13 14 12
e 14 15 13
e 15 16 14
e 16 17 15
e 17 18 16
e 18 19 17
e 19 20 18
e 20 21 19
e 21 22 20
e 22 23 21
e 23 24 22
e 24 25 23
e 25 26 24
e 26 27 25
e 27 28 26
e 28 29 27
e 29 30 28
e 30 31 29
e 31 32 30
e 32 33 31
e 33 34 32
