v 1 299
v 2 279
v 3 259
v 4 258
v 5 257
v 6 237
v 7 236
v 8 216
v 9 215
v 10 195
v 11 194
v 12 174
v 13 173
v 14 172
v 15 171
v 16 170
v 17 169
v 18 149
v 19 148
v 20 147
v 21 127
v 22 126
v 23 106
v 24 105
v 25 85
v 26 65
v 27 64
v 28 44
v 29 43
v 30 23
v 31 24
v 32 23
v 33 3
v 34 4
v 35 3
e 1 2 0
e 2 3 1
e 3 4 2
e 4 5 3
e 5 6 4
e 6 7 5
e 7 8 6
e 8 9 7
e 9 10 8
e 10 11 9
e 11 12 10
e 12 13 11
e 13 14 12
e 14 15 13
e 15 16 14
e 16 17 15
e 17 18 16
e 18 19 17
e 19 20 18
e 20 21 19
e 21 22 20
e 22 23 21
e 23 24 22
e 24 25 23
e 25 26 24
e 26 27 25
e 27 28 26
e 28 29 27
e 29 30 28
e 30 31 29
e 31 32 30
e 32 33 31
e 33 34 32
e 34 35 33
