v 1 18
v 2 19
v 3 18
v 4 17
v 5 37
v 6 36
v 7 55
v 8 54
v 9 74
v 10 73
v 11 72
v 12 92
v 13 91
v 14 111
v 15 110
v 16 130
v 17 129
v 18 128
v 19 148
v 20 147
v 21 166
v 22 185
v 23 205
v 24 204
v 25 224
v 26 244
v 27 264
v 28 263
v 29 283
e 1 2 0
e 2 3 1
e 3 4 2
e 4 5 3
e 5 6 4
e 6 7 5
e 7 8 6
e 8 9 7
e 9 10 8
e 10 11 9
e 11 12 10
e 12 13 11
e 13 14 12
e 14 15 13
e 15 16 14
e 16 17 15
e 17 18 16
e 18 19 17
e 19 20 18
e 20 21 19
e 21 22 20
e 22 23 21
e 23 24 22
e 24 25 23
e 25 26 24
e 26 27 25
e 27 28 26
e 28 29 27
