v 1 202
v 2 203
v 3 204
v 4 205
v 5 206
v 6 207
v 7 208
v 8 209
v 9 210
v 10 230
v 11 231
v 12 232
v 13 212
v 14 192
v 15 191
v 16 171
v 17 151
v 18 150
v 19 130
v 20 110
v 21 109
v 22 89
v 23 88
v 24 68
v 25 67
v 26 47
v 27 46
v 28 26
v 29 6
v 30 5
e 1 2 0
e 2 3 1
e 3 4 2
e 4 5 3
e 5 6 4
e 6 7 5
e 7 8 6
e 8 9 7
e 9 10 8
e 10 11 9
e 11 12 10
e 12 13 11
e 13 14 12
e 14 15 13
e 15 16 14
e 16 17 15
e 17 18 16
e 18 19 17
e 19 20 18
e 20 21 19
e 21 22 20
e 22 23 21
e 23 24 22
e 24 25 23
e 25 26 24
e 26 27 25
e 27 28 26
e 28 29 27
e 29 30 28
