v 1 263
v 2 244
v 3 224
v 4 225
v 5 206
v 6 186
v 7 187
v 8 168
v 9 169
v 10 149
v 11 150
v 12 130
v 13 131
v 14 130
v 15 131
v 16 110
v 17 111
v 18 112
v 19 92
v 20 93
v 21 73
v 22 74
v 23 73
v 24 54
v 25 55
v 26 34
v 27 35
v 28 15
v 29 35
v 30 15
v 31 35
v 32 16
v 33 36
v 34 16
v 35 17
v 36 18
e 1 2 0
e 2 3 1
e 3 4 2
e 4 5 3
e 5 6 4
e 6 7 5
e 7 8 6
e 8 9 7
e 9 10 8
e 10 11 9
e 11 12 10
e 12 13 11
e 13 14 12
e 14 15 13
e 15 16 14
e 16 17 15
e 17 18 16
e 18 19 17
e 19 20 18
e 20 21 19
e 21 22 20
e 22 23 21
e 23 24 22
e 24 25 23
e 25 26 24
e 26 27 25
e 27 28 26
e 28 29 27
e 29 30 28
e 30 31 29
e 31 32 30
e 32 33 31
e 33 34 32
e 34 35 33
e 35 36 34
