v 1 263
v 2 243
v 3 224
v 4 223
v 5 204
v 6 203
v 7 183
v 8 184
v 9 183
v 10 184
v 11 164
v 12 144
v 13 124
v 14 125
v 15 105
v 16 106
v 17 86
v 18 87
v 19 88
v 20 68
v 21 69
v 22 70
v 23 71
v 24 72
v 25 52
v 26 53
v 27 54
v 28 34
v 29 35
v 30 15
v 31 16
v 32 15
v 33 16
v 34 36
v 35 35
v 36 36
v 37 35
v 38 36
v 39 35
v 40 34
v 41 14
v 42 15
v 43 16
v 44 36
v 45 37
v 46 58
v 47 59
v 48 58
v 49 38
v 50 37
v 51 17
v 52 16
v 53 15
e 1 2 0
e 2 3 1
e 3 4 2
e 4 5 3
e 5 6 4
e 6 7 5
e 7 8 6
e 8 9 7
e 9 10 8
e 10 11 9
e 11 12 10
e 12 13 11
e 13 14 12
e 14 15 13
e 15 16 14
e 16 17 15
e 17 18 16
e 18 19 17
e 19 20 18
e 20 21 19
e 21 22 20
e 22 23 21
e 23 24 22
e 24 25 23
e 25 26 24
e 26 27 25
e 27 28 26
e 28 29 27
e 29 30 28
e 30 31 29
e 31 32 30
e 32 33 31
e 33 34 32
e 34 35 33
e 35 36 34
e 36 37 35
e 37 38 36
e 38 39 37
e 39 40 38
e 40 41 39
e 41 42 40
e 42 43 41
e 43 44 42
e 44 45 43
e 45 46 44
e 46 47 45
e 47 48 46
e 48 49 47
e 49 50 48
e 50 51 49
e 51 52 50
e 52 53 51
