v 1 2
v 2 3
v 3 23
v 4 24
v 5 25
v 6 26
v 7 46
v 8 47
v 9 48
v 10 49
v 11 50
v 12 51
v 13 52
v 14 53
v 15 54
v 16 55
v 17 56
v 18 57
v 19 37
v 20 36
v 21 35
v 22 55
v 23 54
v 24 53
v 25 52
v 26 51
v 27 50
v 28 49
v 29 48
v 30 27
v 31 26
v 32 6
v 33 5
v 34 4
v 35 5
e 1 2 0
e 2 3 1
e 3 4 2
e 4 5 3
e 5 6 4
e 6 7 5
e 7 8 6
e 8 9 7
e 9 10 8
e 10 11 9
e 11 12 10
e 12 13 11
e 13 14 12
e 14 15 13
e 15 16 14
e 16 17 15
e 17 18 16
e 18 19 17
e 19 20 18
e 20 21 19
e 21 22 20
e 22 23 21
e 23 24 22
e 24 25 23
e 25 26 24
e 26 27 25
e 27 28 26
e 28 29 27
e 29 30 28
e 30 31 29
e 31 32 30
e 32 33 31
e 33 34 32
e 34 35 33
