v 1 7
v 2 8
v 3 28
v 4 48
v 5 49
v 6 69
v 7 90
v 8 110
v 9 111
v 10 131
v 11 132
v 12 133
v 13 153
v 14 173
v 15 193
v 16 214
v 17 234
v 18 214
v 19 234
v 20 214
v 21 234
v 22 214
v 23 234
v 24 214
v 25 234
v 26 214
v 27 194
v 28 174
v 29 173
v 30 153
v 31 152
v 32 132
v 33 131
v 34 130
v 35 129
v 36 149
v 37 148
v 38 147
v 39 167
v 40 166
v 41 165
v 42 185
v 43 184
v 44 183
v 45 203
v 46 202
e 1 2 0
e 2 3 1
e 3 4 2
e 4 5 3
e 5 6 4
e 6 7 5
e 7 8 6
e 8 9 7
e 9 10 8
e 10 11 9
e 11 12 10
e 12 13 11
e 13 14 12
e 14 15 13
e 15 16 14
e 16 17 15
e 17 18 16
e 18 19 17
e 19 20 18
e 20 21 19
e 21 22 20
e 22 23 21
e 23 24 22
e 24 25 23
e 25 26 24
e 26 27 25
e 27 28 26
e 28 29 27
e 29 30 28
e 30 31 29
e 31 32 30
e 32 33 31
e 33 34 32
e 34 35 33
e 35 36 34
e 36 37 35
e 37 38 36
e 38 39 37
e 39 40 38
e 40 41 39
e 41 42 40
e 42 43 41
e 43 44 42
e 44 45 43
e 45 46 44
