v 1 289
v 2 268
v 3 289
v 4 268
v 5 288
v 6 268
v 7 288
v 8 268
v 9 288
v 10 268
v 11 289
v 12 288
v 13 268
v 14 288
v 15 268
v 16 289
v 17 268
v 18 289
v 19 288
v 20 268
v 21 288
v 22 268
v 23 289
v 24 268
v 25 288
v 26 289
v 27 268
v 28 288
v 29 268
v 30 288
v 31 268
v 32 288
v 33 268
v 34 288
v 35 268
v 36 289
v 37 268
v 38 288
v 39 268
v 40 288
v 41 268
v 42 288
v 43 268
v 44 288
v 45 268
v 46 288
v 47 268
v 48 288
v 49 269
v 50 268
v 51 288
v 52 268
v 53 288
v 54 268
v 55 289
v 56 288
v 57 268
v 58 288
v 59 289
v 60 288
v 61 268
v 62 288
v 63 268
v 64 288
v 65 268
v 66 288
v 67 268
v 68 288
v 69 268
v 70 269
v 71 268
v 72 288
v 73 268
v 74 288
v 75 268
v 76 288
v 77 268
v 78 288
v 79 268
v 80 289
v 81 288
v 82 268
v 83 288
v 84 268
v 85 288
v 86 268
v 87 288
v 88 268
v 89 267
v 90 266
v 91 267
v 92 266
v 93 267
v 94 246
v 95 266
v 96 265
v 97 264
v 98 263
e 1 2 0
e 2 3 1
e 3 4 2
e 4 5 3
e 5 6 4
e 6 7 5
e 7 8 6
e 8 9 7
e 9 10 8
e 10 11 9
e 11 12 10
e 12 13 11
e 13 14 12
e 14 15 13
e 15 16 14
e 16 17 15
e 17 18 16
e 18 19 17
e 19 20 18
e 20 21 19
e 21 22 20
e 22 23 21
e 23 24 22
e 24 25 23
e 25 26 24
e 26 27 25
e 27 28 26
e 28 29 27
e 29 30 28
e 30 31 29
e 31 32 30
e 32 33 31
e 33 34 32
e 34 35 33
e 35 36 34
e 36 37 35
e 37 38 36
e 38 39 37
e 39 40 38
e 40 41 39
e 41 42 40
e 42 43 41
e 43 44 42
e 44 45 43
e 45 46 44
e 46 47 45
e 47 48 46
e 48 49 47
e 49 50 48
e 50 51 49
e 51 52 50
e 52 53 51
e 53 54 52
e 54 55 53
e 55 56 54
e 56 57 55
e 57 58 56
e 58 59 57
e 59 60 58
e 60 61 59
e 61 62 60
e 62 63 61
e 63 64 62
e 64 65 63
e 65 66 64
e 66 67 65
e 67 68 66
e 68 69 67
e 69 70 68
e 70 71 69
e 71 72 70
e 72 73 71
e 73 74 72
e 74 75 73
e 75 76 74
e 76 77 75
e 77 78 76
e 78 79 77
e 79 80 78
e 80 81 79
e 81 82 80
e 82 83 81
e 83 84 82
e 84 85 83
e 85 86 84
e 86 87 85
e 87 88 86
e 88 89 87
e 89 90 88
e 90 91 89
e 91 92 90
e 92 93 91
e 93 94 92
e 94 95 93
e 95 96 94
e 96 97 95
e 97 98 96
