v 1 59
v 2 58
v 3 78
v 4 77
v 5 76
v 6 75
v 7 74
v 8 75
v 9 54
v 10 74
v 11 73
v 12 72
v 13 71
v 14 70
v 15 69
v 16 68
v 17 88
v 18 87
v 19 86
v 20 85
v 21 105
v 22 104
v 23 124
v 24 123
v 25 143
v 26 142
v 27 143
v 28 162
v 29 161
v 30 181
v 31 180
e 1 2 0
e 2 3 1
e 3 4 2
e 4 5 3
e 5 6 4
e 6 7 5
e 7 8 6
e 8 9 7
e 9 10 8
e 10 11 9
e 11 12 10
e 12 13 11
e 13 14 12
e 14 15 13
e 15 16 14
e 16 17 15
e 17 18 16
e 18 19 17
e 19 20 18
e 20 21 19
e 21 22 20
e 22 23 21
e 23 24 22
e 24 25 23
e 25 26 24
e 26 27 25
e 27 28 26
e 28 29 27
e 29 30 28
e 30 31 29
