v 1 182
v 2 162
v 3 142
v 4 143
v 5 123
v 6 104
v 7 105
v 8 85
v 9 105
v 10 85
v 11 86
v 12 66
v 13 67
v 14 48
v 15 49
v 16 29
v 17 49
v 18 29
v 19 49
v 20 29
v 21 49
v 22 29
v 23 49
v 24 69
v 25 68
v 26 69
v 27 68
v 28 88
v 29 108
v 30 109
v 31 129
v 32 130
v 33 131
v 34 151
v 35 152
v 36 172
v 37 173
v 38 193
v 39 173
v 40 193
v 41 173
v 42 193
v 43 213
v 44 212
v 45 213
v 46 212
v 47 211
v 48 210
v 49 190
v 50 189
v 51 208
v 52 188
v 53 187
v 54 188
v 55 187
v 56 188
v 57 187
v 58 188
v 59 187
v 60 188
v 61 187
v 62 168
v 63 167
v 64 147
v 65 127
v 66 107
v 67 106
v 68 86
v 69 66
v 70 46
v 71 26
v 72 6
v 73 5
e 1 2 0
e 2 3 1
e 3 4 2
e 4 5 3
e 5 6 4
e 6 7 5
e 7 8 6
e 8 9 7
e 9 10 8
e 10 11 9
e 11 12 10
e 12 13 11
e 13 14 12
e 14 15 13
e 15 16 14
e 16 17 15
e 17 18 16
e 18 19 17
e 19 20 18
e 20 21 19
e 21 22 20
e 22 23 21
e 23 24 22
e 24 25 23
e 25 26 24
e 26 27 25
e 27 28 26
e 28 29 27
e 29 30 28
e 30 31 29
e 31 32 30
e 32 33 31
e 33 34 32
e 34 35 33
e 35 36 34
e 36 37 35
e 37 38 36
e 38 39 37
e 39 40 38
e 40 41 39
e 41 42 40
e 42 43 41
e 43 44 42
e 44 45 43
e 45 46 44
e 46 47 45
e 47 48 46
e 48 49 47
e 49 50 48
e 50 51 49
e 51 52 50
e 52 53 51
e 53 54 52
e 54 55 53
e 55 56 54
e 56 57 55
e 57 58 56
e 58 59 57
e 59 60 58
e 60 61 59
e 61 62 60
e 62 63 61
e 63 64 62
e 64 65 63
e 65 66 64
e 66 67 65
e 67 68 66
e 68 69 67
e 69 70 68
e 70 71 69
e 71 72 70
e 72 73 71
