v 1 9
v 2 8
v 3 28
v 4 48
v 5 49
v 6 69
v 7 89
v 8 90
v 9 110
v 10 130
v 11 131
v 12 132
v 13 152
v 14 153
v 15 173
v 16 174
v 17 194
v 18 195
v 19 215
v 20 216
v 21 236
v 22 237
v 23 257
v 24 258
v 25 278
v 26 279
v 27 299
v 28 279
v 29 299
e 1 2 0
e 2 3 1
e 3 4 2
e 4 5 3
e 5 6 4
e 6 7 5
e 7 8 6
e 8 9 7
e 9 10 8
e 10 11 9
e 11 12 10
e 12 13 11
e 13 14 12
e 14 15 13
e 15 16 14
e 16 17 15
e 17 18 16
e 18 19 17
e 19 20 18
e 20 21 19
e 21 22 20
e 22 23 21
e 23 24 22
e 24 25 23
e 25 26 24
e 26 27 25
e 27 28 26
e 28 29 27
