v 1 34
v 2 53
v 3 52
v 4 72
v 5 71
v 6 70
v 7 90
v 8 89
v 9 109
v 10 108
v 11 109
v 12 108
v 13 88
v 14 107
v 15 87
v 16 106
v 17 107
v 18 106
v 19 105
v 20 125
v 21 145
v 22 144
v 23 164
v 24 184
v 25 204
v 26 203
v 27 223
v 28 243
v 29 263
e 1 2 0
e 2 3 1
e 3 4 2
e 4 5 3
e 5 6 4
e 6 7 5
e 7 8 6
e 8 9 7
e 9 10 8
e 10 11 9
e 11 12 10
e 12 13 11
e 13 14 12
e 14 15 13
e 15 16 14
e 16 17 15
e 17 18 16
e 18 19 17
e 19 20 18
e 20 21 19
e 21 22 20
e 22 23 21
e 23 24 22
e 24 25 23
e 25 26 24
e 26 27 25
e 27 28 26
e 28 29 27
