v 1 2
v 2 22
v 3 42
v 4 62
v 5 61
v 6 81
v 7 102
v 8 122
v 9 142
v 10 162
v 11 182
v 12 203
v 13 223
v 14 243
v 15 263
v 16 264
v 17 244
v 18 224
v 19 204
v 20 184
v 21 164
v 22 165
v 23 145
v 24 125
v 25 105
v 26 85
v 27 64
v 28 63
v 29 83
v 30 103
v 31 123
v 32 122
v 33 142
v 34 143
v 35 163
v 36 183
v 37 203
v 38 204
v 39 224
v 40 244
v 41 264
v 42 244
v 43 264
e 1 2 0
e 2 3 1
e 3 4 2
e 4 5 3
e 5 6 4
e 6 7 5
e 7 8 6
e 8 9 7
e 9 10 8
e 10 11 9
e 11 12 10
e 12 13 11
e 13 14 12
e 14 15 13
e 15 16 14
e 16 17 15
e 17 18 16
e 18 19 17
e 19 20 18
e 20 21 19
e 21 22 20
e 22 23 21
e 23 24 22
e 24 25 23
e 25 26 24
e 26 27 25
e 27 28 26
e 28 29 27
e 29 30 28
e 30 31 29
e 31 32 30
e 32 33 31
e 33 34 32
e 34 35 33
e 35 36 34
e 36 37 35
e 37 38 36
e 38 39 37
e 39 40 38
e 40 41 39
e 41 42 40
e 42 43 41
