v 1 283
v 2 263
v 3 264
v 4 244
v 5 225
v 6 205
v 7 206
v 8 186
v 9 166
v 10 147
v 11 127
v 12 107
v 13 87
v 14 107
v 15 108
v 16 128
v 17 129
v 18 149
v 19 129
v 20 130
v 21 150
v 22 130
v 23 150
v 24 151
v 25 171
v 26 172
v 27 173
v 28 193
v 29 194
v 30 214
v 31 215
v 32 235
v 33 236
v 34 257
v 35 278
v 36 298
v 37 279
v 38 299
e 1 2 0
e 2 3 1
e 3 4 2
e 4 5 3
e 5 6 4
e 6 7 5
e 7 8 6
e 8 9 7
e 9 10 8
e 10 11 9
e 11 12 10
e 12 13 11
e 13 14 12
e 14 15 13
e 15 16 14
e 16 17 15
e 17 18 16
e 18 19 17
e 19 20 18
e 20 21 19
e 21 22 20
e 22 23 21
e 23 24 22
e 24 25 23
e 25 26 24
e 26 27 25
e 27 28 26
e 28 29 27
e 29 30 28
e 30 31 29
e 31 32 30
e 32 33 31
e 33 34 32
e 34 35 33
e 35 36 34
e 36 37 35
e 37 38 36
