v 1 263
v 2 243
v 3 223
v 4 203
v 5 202
v 6 182
v 7 162
v 8 142
v 9 121
v 10 101
v 11 81
v 12 61
v 13 41
v 14 21
v 15 20
v 16 0
v 17 21
v 18 41
v 19 61
v 20 62
v 21 82
v 22 102
v 23 122
v 24 142
v 25 162
v 26 182
v 27 202
v 28 203
v 29 223
v 30 243
v 31 263
e 1 2 0
e 2 3 1
e 3 4 2
e 4 5 3
e 5 6 4
e 6 7 5
e 7 8 6
e 8 9 7
e 9 10 8
e 10 11 9
e 11 12 10
e 12 13 11
e 13 14 12
e 14 15 13
e 15 16 14
e 16 17 15
e 17 18 16
e 18 19 17
e 19 20 18
e 20 21 19
e 21 22 20
e 22 23 21
e 23 24 22
e 24 25 23
e 25 26 24
e 26 27 25
e 27 28 26
e 28 29 27
e 29 30 28
e 30 31 29
