v 1 263
v 2 264
v 3 244
v 4 225
v 5 245
v 6 246
v 7 226
v 8 227
v 9 228
v 10 208
v 11 209
v 12 210
v 13 190
v 14 191
v 15 171
v 16 172
v 17 152
v 18 153
v 19 154
v 20 133
v 21 132
v 22 152
v 23 151
v 24 171
v 25 170
v 26 150
v 27 170
v 28 169
v 29 189
v 30 188
v 31 208
v 32 207
v 33 227
v 34 226
v 35 246
v 36 245
v 37 244
v 38 264
v 39 263
e 1 2 0
e 2 3 1
e 3 4 2
e 4 5 3
e 5 6 4
e 6 7 5
e 7 8 6
e 8 9 7
e 9 10 8
e 10 11 9
e 11 12 10
e 12 13 11
e 13 14 12
e 14 15 13
e 15 16 14
e 16 17 15
e 17 18 16
e 18 19 17
e 19 20 18
e 20 21 19
e 21 22 20
e 22 23 21
e 23 24 22
e 24 25 23
e 25 26 24
e 26 27 25
e 27 28 26
e 28 29 27
e 29 30 28
e 30 31 29
e 31 32 30
e 32 33 31
e 33 34 32
e 34 35 33
e 35 36 34
e 36 37 35
e 37 38 36
e 38 39 37
