v 1 288
v 2 268
v 3 267
v 4 266
v 5 246
v 6 245
v 7 246
v 8 266
v 9 267
v 10 266
v 11 267
v 12 266
v 13 267
v 14 266
v 15 267
v 16 266
v 17 267
v 18 266
v 19 267
v 20 266
v 21 267
v 22 266
v 23 267
v 24 266
v 25 267
v 26 266
v 27 267
v 28 266
v 29 267
v 30 266
v 31 267
v 32 266
v 33 267
v 34 268
v 35 288
e 1 2 0
e 2 3 1
e 3 4 2
e 4 5 3
e 5 6 4
e 6 7 5
e 7 8 6
e 8 9 7
e 9 10 8
e 10 11 9
e 11 12 10
e 12 13 11
e 13 14 12
e 14 15 13
e 15 16 14
e 16 17 15
e 17 18 16
e 18 19 17
e 19 20 18
e 20 21 19
e 21 22 20
e 22 23 21
e 23 24 22
e 24 25 23
e 25 26 24
e 26 27 25
e 27 28 26
e 28 29 27
e 29 30 28
e 30 31 29
e 31 32 30
e 32 33 31
e 33 34 32
e 34 35 33
