v 1 120
v 2 121
v 3 122
v 4 123
v 5 143
v 6 144
v 7 145
v 8 165
v 9 185
v 10 186
v 11 185
v 12 165
v 13 166
v 14 167
v 15 166
v 16 146
v 17 126
v 18 125
v 19 145
v 20 144
v 21 145
v 22 144
v 23 164
v 24 184
v 25 183
v 26 203
v 27 204
v 28 203
v 29 204
v 30 224
v 31 223
v 32 243
v 33 263
v 34 283
v 35 263
v 36 283
v 37 263
v 38 243
e 1 2 0
e 2 3 1
e 3 4 2
e 4 5 3
e 5 6 4
e 6 7 5
e 7 8 6
e 8 9 7
e 9 10 8
e 10 11 9
e 11 12 10
e 12 13 11
e 13 14 12
e 14 15 13
e 15 16 14
e 16 17 15
e 17 18 16
e 18 19 17
e 19 20 18
e 20 21 19
e 21 22 20
e 22 23 21
e 23 24 22
e 24 25 23
e 25 26 24
e 26 27 25
e 27 28 26
e 28 29 27
e 29 30 28
e 30 31 29
e 31 32 30
e 32 33 31
e 33 34 32
e 34 35 33
e 35 36 34
e 36 37 35
e 37 38 36
