v 1 263
v 2 243
v 3 224
v 4 223
v 5 224
v 6 204
v 7 184
v 8 204
v 9 205
v 10 185
v 11 186
v 12 187
v 13 167
v 14 168
v 15 169
v 16 168
v 17 188
v 18 169
v 19 189
v 20 190
v 21 191
v 22 212
v 23 213
v 24 214
v 25 234
v 26 235
v 27 236
v 28 235
v 29 256
v 30 257
v 31 258
v 32 278
v 33 279
v 34 299
e 1 2 0
e 2 3 1
e 3 4 2
e 4 5 3
e 5 6 4
e 6 7 5
e 7 8 6
e 8 9 7
e 9 10 8
e 10 11 9
e 11 12 10
e 12 13 11
e 13 14 12
e 14 15 13
e 15 16 14
e 16 17 15
e 17 18 16
e 18 19 17
e 19 20 18
e 20 21 19
e 21 22 20
e 22 23 21
e 23 24 22
e 24 25 23
e 25 26 24
e 26 27 25
e 27 28 26
e 28 29 27
e 29 30 28
e 30 31 29
e 31 32 30
e 32 33 31
e 33 34 32
