v 1 299
v 2 278
v 3 258
v 4 257
v 5 237
v 6 236
v 7 216
v 8 215
v 9 195
v 10 174
v 11 153
v 12 133
v 13 132
v 14 133
v 15 113
v 16 112
v 17 111
v 18 112
v 19 91
v 20 70
v 21 69
v 22 49
v 23 48
v 24 28
v 25 27
v 26 26
v 27 6
v 28 5
e 1 2 0
e 2 3 1
e 3 4 2
e 4 5 3
e 5 6 4
e 6 7 5
e 7 8 6
e 8 9 7
e 9 10 8
e 10 11 9
e 11 12 10
e 12 13 11
e 13 14 12
e 14 15 13
e 15 16 14
e 16 17 15
e 17 18 16
e 18 19 17
e 19 20 18
e 20 21 19
e 21 22 20
e 22 23 21
e 23 24 22
e 24 25 23
e 25 26 24
e 26 27 25
e 27 28 26
