v 1 203
v 2 204
v 3 205
v 4 206
v 5 207
v 6 208
v 7 209
v 8 210
v 9 211
v 10 212
v 11 213
v 12 214
v 13 215
v 14 195
v 15 175
v 16 174
v 17 154
v 18 153
v 19 133
v 20 132
v 21 112
v 22 111
v 23 91
v 24 90
v 25 70
v 26 69
v 27 49
v 28 29
v 29 28
v 30 8
v 31 7
e 1 2 0
e 2 3 1
e 3 4 2
e 4 5 3
e 5 6 4
e 6 7 5
e 7 8 6
e 8 9 7
e 9 10 8
e 10 11 9
e 11 12 10
e 12 13 11
e 13 14 12
e 14 15 13
e 15 16 14
e 16 17 15
e 17 18 16
e 18 19 17
e 19 20 18
e 20 21 19
e 21 22 20
e 22 23 21
e 23 24 22
e 24 25 23
e 25 26 24
e 26 27 25
e 27 28 26
e 28 29 27
e 29 30 28
e 30 31 29
