v 1 288
v 2 268
v 3 248
v 4 228
v 5 208
v 6 209
v 7 189
v 8 190
v 9 170
v 10 171
v 11 151
v 12 152
v 13 151
v 14 152
v 15 132
v 16 152
v 17 132
v 18 133
v 19 132
v 20 133
v 21 113
v 22 114
v 23 94
v 24 95
v 25 75
v 26 76
v 27 56
v 28 57
v 29 37
v 30 38
v 31 19
e 1 2 0
e 2 3 1
e 3 4 2
e 4 5 3
e 5 6 4
e 6 7 5
e 7 8 6
e 8 9 7
e 9 10 8
e 10 11 9
e 11 12 10
e 12 13 11
e 13 14 12
e 14 15 13
e 15 16 14
e 16 17 15
e 17 18 16
e 18 19 17
e 19 20 18
e 20 21 19
e 21 22 20
e 22 23 21
e 23 24 22
e 24 25 23
e 25 26 24
e 26 27 25
e 27 28 26
e 28 29 27
e 29 30 28
e 30 31 29
