v 1 59
v 2 39
v 3 19
v 4 18
v 5 17
v 6 37
v 7 36
v 8 56
v 9 55
v 10 54
v 11 74
v 12 73
v 13 93
v 14 92
v 15 111
v 16 110
v 17 130
v 18 129
v 19 149
v 20 168
v 21 187
v 22 207
v 23 227
v 24 247
v 25 267
v 26 266
v 27 265
v 28 245
v 29 244
v 30 264
v 31 263
v 32 283
e 1 2 0
e 2 3 1
e 3 4 2
e 4 5 3
e 5 6 4
e 6 7 5
e 7 8 6
e 8 9 7
e 9 10 8
e 10 11 9
e 11 12 10
e 12 13 11
e 13 14 12
e 14 15 13
e 15 16 14
e 16 17 15
e 17 18 16
e 18 19 17
e 19 20 18
e 20 21 19
e 21 22 20
e 22 23 21
e 23 24 22
e 24 25 23
e 25 26 24
e 26 27 25
e 27 28 26
e 28 29 27
e 29 30 28
e 30 31 29
e 31 32 30
