v 1 5
v 2 26
v 3 46
v 4 47
v 5 67
v 6 68
v 7 88
v 8 89
v 9 109
v 10 110
v 11 111
v 12 131
v 13 151
v 14 150
v 15 170
v 16 169
v 17 189
v 18 209
v 19 208
v 20 228
v 21 248
v 22 268
v 23 267
v 24 268
v 25 267
v 26 268
v 27 267
v 28 268
v 29 267
v 30 266
v 31 246
v 32 226
v 33 206
v 34 205
v 35 185
v 36 165
v 37 145
v 38 125
v 39 124
v 40 104
v 41 84
v 42 64
v 43 44
v 44 24
v 45 4
e 1 2 0
e 2 3 1
e 3 4 2
e 4 5 3
e 5 6 4
e 6 7 5
e 7 8 6
e 8 9 7
e 9 10 8
e 10 11 9
e 11 12 10
e 12 13 11
e 13 14 12
e 14 15 13
e 15 16 14
e 16 17 15
e 17 18 16
e 18 19 17
e 19 20 18
e 20 21 19
e 21 22 20
e 22 23 21
e 23 24 22
e 24 25 23
e 25 26 24
e 26 27 25
e 27 28 26
e 28 29 27
e 29 30 28
e 30 31 29
e 31 32 30
e 32 33 31
e 33 34 32
e 34 35 33
e 35 36 34
e 36 37 35
e 37 38 36
e 38 39 37
e 39 40 38
e 40 41 39
e 41 42 40
e 42 43 41
e 43 44 42
e 44 45 43
