v 1 223
v 2 203
v 3 183
v 4 184
v 5 164
v 6 144
v 7 124
v 8 125
v 9 126
v 10 106
v 11 107
v 12 108
v 13 89
v 14 90
v 15 70
v 16 71
v 17 72
v 18 52
v 19 53
v 20 54
v 21 53
v 22 54
v 23 34
v 24 35
v 25 36
v 26 35
v 27 36
v 28 16
v 29 17
v 30 18
v 31 19
e 1 2 0
e 2 3 1
e 3 4 2
e 4 5 3
e 5 6 4
e 6 7 5
e 7 8 6
e 8 9 7
e 9 10 8
e 10 11 9
e 11 12 10
e 12 13 11
e 13 14 12
e 14 15 13
e 15 16 14
e 16 17 15
e 17 18 16
e 18 19 17
e 19 20 18
e 20 21 19
e 21 22 20
e 22 23 21
e 23 24 22
e 24 25 23
e 25 26 24
e 26 27 25
e 27 28 26
e 28 29 27
e 29 30 28
e 30 31 29
