v 1 4
v 2 24
v 3 25
v 4 24
v 5 25
v 6 86
v 7 66
v 8 46
v 9 66
v 10 67
v 11 68
v 12 88
v 13 68
v 14 88
v 15 89
v 16 88
v 17 87
v 18 86
v 19 66
v 20 86
v 21 66
v 22 86
v 23 66
v 24 86
v 25 66
v 26 86
v 27 66
v 28 65
v 29 45
v 30 46
v 31 66
v 32 46
v 33 26
v 34 27
e 1 2 0
e 2 3 1
e 3 4 2
e 4 5 3
e 5 6 4
e 6 7 5
e 7 8 6
e 8 9 7
e 9 10 8
e 10 11 9
e 11 12 10
e 12 13 11
e 13 14 12
e 14 15 13
e 15 16 14
e 16 17 15
e 17 18 16
e 18 19 17
e 19 20 18
e 20 21 19
e 21 22 20
e 22 23 21
e 23 24 22
e 24 25 23
e 25 26 24
e 26 27 25
e 27 28 26
e 28 29 27
e 29 30 28
e 30 31 29
e 31 32 30
e 32 33 31
e 33 34 32
