v 1 18
v 2 17
v 3 37
v 4 36
v 5 56
v 6 55
v 7 75
v 8 74
v 9 94
v 10 114
v 11 94
v 12 93
v 13 113
v 14 114
v 15 113
v 16 133
v 17 153
v 18 152
v 19 172
v 20 171
v 21 191
v 22 211
v 23 210
v 24 230
v 25 229
v 26 249
v 27 248
v 28 268
v 29 267
v 30 266
v 31 267
v 32 266
v 33 267
v 34 266
e 1 2 0
e 2 3 1
e 3 4 2
e 4 5 3
e 5 6 4
e 6 7 5
e 7 8 6
e 8 9 7
e 9 10 8
e 10 11 9
e 11 12 10
e 12 13 11
e 13 14 12
e 14 15 13
e 15 16 14
e 16 17 15
e 17 18 16
e 18 19 17
e 19 20 18
e 20 21 19
e 21 22 20
e 22 23 21
e 23 24 22
e 24 25 23
e 25 26 24
e 26 27 25
e 27 28 26
e 28 29 27
e 29 30 28
e 30 31 29
e 31 32 30
e 32 33 31
e 33 34 32
