v 1 264
v 2 263
v 3 243
v 4 224
v 5 204
v 6 184
v 7 164
v 8 144
v 9 124
v 10 123
v 11 103
v 12 83
v 13 63
v 14 43
v 15 63
v 16 64
v 17 84
v 18 104
v 19 124
v 20 123
v 21 143
v 22 163
v 23 162
v 24 182
v 25 202
v 26 182
v 27 183
v 28 163
v 29 164
v 30 144
v 31 145
v 32 125
v 33 126
v 34 106
v 35 107
v 36 87
v 37 88
v 38 89
v 39 90
v 40 70
v 41 71
v 42 72
v 43 73
v 44 74
v 45 54
v 46 55
v 47 35
v 48 16
v 49 36
v 50 35
v 51 54
v 52 53
v 53 73
v 54 72
v 55 92
v 56 91
v 57 110
v 58 130
v 59 129
v 60 149
v 61 169
v 62 168
v 63 188
v 64 187
v 65 207
v 66 227
v 67 247
v 68 267
v 69 266
v 70 265
v 71 264
v 72 263
v 73 243
v 74 224
v 75 225
v 76 226
v 77 227
v 78 247
v 79 267
v 80 268
v 81 288
e 1 2 0
e 2 3 1
e 3 4 2
e 4 5 3
e 5 6 4
e 6 7 5
e 7 8 6
e 8 9 7
e 9 10 8
e 10 11 9
e 11 12 10
e 12 13 11
e 13 14 12
e 14 15 13
e 15 16 14
e 16 17 15
e 17 18 16
e 18 19 17
e 19 20 18
e 20 21 19
e 21 22 20
e 22 23 21
e 23 24 22
e 24 25 23
e 25 26 24
e 26 27 25
e 27 28 26
e 28 29 27
e 29 30 28
e 30 31 29
e 31 32 30
e 32 33 31
e 33 34 32
e 34 35 33
e 35 36 34
e 36 37 35
e 37 38 36
e 38 39 37
e 39 40 38
e 40 41 39
e 41 42 40
e 42 43 41
e 43 44 42
e 44 45 43
e 45 46 44
e 46 47 45
e 47 48 46
e 48 49 47
e 49 50 48
e 50 51 49
e 51 52 50
e 52 53 51
e 53 54 52
e 54 55 53
e 55 56 54
e 56 57 55
e 57 58 56
e 58 59 57
e 59 60 58
e 60 61 59
e 61 62 60
e 62 63 61
e 63 64 62
e 64 65 63
e 65 66 64
e 66 67 65
e 67 68 66
e 68 69 67
e 69 70 68
e 70 71 69
e 71 72 70
e 72 73 71
e 73 74 72
e 74 75 73
e 75 76 74
e 76 77 75
e 77 78 76
e 78 79 77
e 79 80 78
e 80 81 79
