v 1 263
v 2 264
v 3 244
v 4 225
v 5 205
v 6 206
v 7 186
v 8 187
v 9 167
v 10 168
v 11 148
v 12 129
v 13 130
v 14 110
v 15 111
v 16 91
v 17 92
v 18 73
v 19 53
v 20 52
v 21 32
v 22 52
v 23 53
v 24 52
v 25 51
v 26 50
v 27 49
v 28 29
v 29 28
v 30 8
v 31 7
e 1 2 0
e 2 3 1
e 3 4 2
e 4 5 3
e 5 6 4
e 6 7 5
e 7 8 6
e 8 9 7
e 9 10 8
e 10 11 9
e 11 12 10
e 12 13 11
e 13 14 12
e 14 15 13
e 15 16 14
e 16 17 15
e 17 18 16
e 18 19 17
e 19 20 18
e 20 21 19
e 21 22 20
e 22 23 21
e 23 24 22
e 24 25 23
e 25 26 24
e 26 27 25
e 27 28 26
e 28 29 27
e 29 30 28
e 30 31 29
