v 1 19
v 2 39
v 3 58
v 4 38
v 5 58
v 6 57
v 7 77
v 8 97
v 9 96
v 10 116
v 11 115
v 12 135
v 13 134
v 14 154
v 15 153
v 16 152
v 17 172
v 18 171
v 19 190
v 20 189
v 21 209
v 22 208
v 23 228
v 24 227
v 25 226
v 26 245
v 27 244
v 28 264
v 29 263
v 30 283
e 1 2 0
e 2 3 1
e 3 4 2
e 4 5 3
e 5 6 4
e 6 7 5
e 7 8 6
e 8 9 7
e 9 10 8
e 10 11 9
e 11 12 10
e 12 13 11
e 13 14 12
e 14 15 13
e 15 16 14
e 16 17 15
e 17 18 16
e 18 19 17
e 19 20 18
e 20 21 19
e 21 22 20
e 22 23 21
e 23 24 22
e 24 25 23
e 25 26 24
e 26 27 25
e 27 28 26
e 28 29 27
e 29 30 28
