v 1 14
v 2 34
v 3 53
v 4 73
v 5 72
v 6 92
v 7 91
v 8 110
v 9 109
v 10 129
v 11 128
v 12 148
v 13 147
v 14 167
v 15 187
v 16 186
v 17 206
v 18 205
v 19 225
v 20 224
v 21 244
v 22 264
v 23 263
v 24 283
v 25 263
v 26 264
v 27 263
v 28 264
e 1 2 0
e 2 3 1
e 3 4 2
e 4 5 3
e 5 6 4
e 6 7 5
e 7 8 6
e 8 9 7
e 9 10 8
e 10 11 9
e 11 12 10
e 12 13 11
e 13 14 12
e 14 15 13
e 15 16 14
e 16 17 15
e 17 18 16
e 18 19 17
e 19 20 18
e 20 21 19
e 21 22 20
e 22 23 21
e 23 24 22
e 24 25 23
e 25 26 24
e 26 27 25
e 27 28 26
