v 1 160
v 2 140
v 3 141
v 4 142
v 5 143
v 6 144
v 7 145
v 8 146
v 9 147
v 10 148
v 11 149
v 12 150
v 13 151
v 14 152
v 15 153
v 16 152
v 17 153
v 18 132
v 19 131
v 20 111
v 21 110
v 22 90
v 23 89
v 24 69
v 25 68
v 26 48
v 27 47
v 28 46
v 29 26
v 30 25
v 31 5
v 32 25
v 33 5
v 34 4
e 1 2 0
e 2 3 1
e 3 4 2
e 4 5 3
e 5 6 4
e 6 7 5
e 7 8 6
e 8 9 7
e 9 10 8
e 10 11 9
e 11 12 10
e 12 13 11
e 13 14 12
e 14 15 13
e 15 16 14
e 16 17 15
e 17 18 16
e 18 19 17
e 19 20 18
e 20 21 19
e 21 22 20
e 22 23 21
e 23 24 22
e 24 25 23
e 25 26 24
e 26 27 25
e 27 28 26
e 28 29 27
e 29 30 28
e 30 31 29
e 31 32 30
e 32 33 31
e 33 34 32
