v 1 7
v 2 8
v 3 28
v 4 29
v 5 49
v 6 50
v 7 51
v 8 52
v 9 32
v 10 52
v 11 32
v 12 31
v 13 32
v 14 52
v 15 51
v 16 50
v 17 30
v 18 50
v 19 51
v 20 50
v 21 49
v 22 50
v 23 70
v 24 50
v 25 30
v 26 50
v 27 51
v 28 50
v 29 51
v 30 31
v 31 30
v 32 31
v 33 30
v 34 31
v 35 30
v 36 31
v 37 30
v 38 31
v 39 51
v 40 52
v 41 32
v 42 52
v 43 51
v 44 50
v 45 49
v 46 28
v 47 27
v 48 7
v 49 6
v 50 5
e 1 2 0
e 2 3 1
e 3 4 2
e 4 5 3
e 5 6 4
e 6 7 5
e 7 8 6
e 8 9 7
e 9 10 8
e 10 11 9
e 11 12 10
e 12 13 11
e 13 14 12
e 14 15 13
e 15 16 14
e 16 17 15
e 17 18 16
e 18 19 17
e 19 20 18
e 20 21 19
e 21 22 20
e 22 23 21
e 23 24 22
e 24 25 23
e 25 26 24
e 26 27 25
e 27 28 26
e 28 29 27
e 29 30 28
e 30 31 29
e 31 32 30
e 32 33 31
e 33 34 32
e 34 35 33
e 35 36 34
e 36 37 35
e 37 38 36
e 38 39 37
e 39 40 38
e 40 41 39
e 41 42 40
e 42 43 41
e 43 44 42
e 44 45 43
e 45 46 44
e 46 47 45
e 47 48 46
e 48 49 47
e 49 50 48
