v 1 278
v 2 258
v 3 257
v 4 237
v 5 236
v 6 216
v 7 215
v 8 195
v 9 194
v 10 193
v 11 173
v 12 152
v 13 151
v 14 152
v 15 151
v 16 131
v 17 130
v 18 131
v 19 130
v 20 110
v 21 109
v 22 89
v 23 69
v 24 68
v 25 48
v 26 28
v 27 8
v 28 9
e 1 2 0
e 2 3 1
e 3 4 2
e 4 5 3
e 5 6 4
e 6 7 5
e 7 8 6
e 8 9 7
e 9 10 8
e 10 11 9
e 11 12 10
e 12 13 11
e 13 14 12
e 14 15 13
e 15 16 14
e 16 17 15
e 17 18 16
e 18 19 17
e 19 20 18
e 20 21 19
e 21 22 20
e 22 23 21
e 23 24 22
e 24 25 23
e 25 26 24
e 26 27 25
e 27 28 26
