v 1 203
v 2 183
v 3 184
v 4 164
v 5 165
v 6 145
v 7 146
v 8 147
v 9 127
v 10 128
v 11 129
v 12 150
v 13 130
v 14 131
v 15 132
v 16 112
v 17 113
v 18 93
v 19 113
v 20 114
v 21 94
v 22 95
v 23 75
v 24 76
v 25 56
v 26 57
v 27 37
v 28 38
v 29 37
v 30 38
v 31 37
v 32 38
v 33 18
v 34 17
v 35 37
v 36 17
v 37 16
v 38 15
v 39 14
e 1 2 0
e 2 3 1
e 3 4 2
e 4 5 3
e 5 6 4
e 6 7 5
e 7 8 6
e 8 9 7
e 9 10 8
e 10 11 9
e 11 12 10
e 12 13 11
e 13 14 12
e 14 15 13
e 15 16 14
e 16 17 15
e 17 18 16
e 18 19 17
e 19 20 18
e 20 21 19
e 21 22 20
e 22 23 21
e 23 24 22
e 24 25 23
e 25 26 24
e 26 27 25
e 27 28 26
e 28 29 27
e 29 30 28
e 30 31 29
e 31 32 30
e 32 33 31
e 33 34 32
e 34 35 33
e 35 36 34
e 36 37 35
e 37 38 36
e 38 39 37
