v 1 263
v 2 243
v 3 203
v 4 183
v 5 163
v 6 164
v 7 163
v 8 164
v 9 163
v 10 164
v 11 163
v 12 164
v 13 163
v 14 164
v 15 163
v 16 164
v 17 163
v 18 164
v 19 165
v 20 186
v 21 167
v 22 168
v 23 148
v 24 149
v 25 130
v 26 131
v 27 111
v 28 112
v 29 113
v 30 93
v 31 94
v 32 75
v 33 76
v 34 56
v 35 57
v 36 37
v 37 38
v 38 18
e 1 2 0
e 2 3 1
e 3 4 2
e 4 5 3
e 5 6 4
e 6 7 5
e 7 8 6
e 8 9 7
e 9 10 8
e 10 11 9
e 11 12 10
e 12 13 11
e 13 14 12
e 14 15 13
e 15 16 14
e 16 17 15
e 17 18 16
e 18 19 17
e 19 20 18
e 20 21 19
e 21 22 20
e 22 23 21
e 23 24 22
e 24 25 23
e 25 26 24
e 26 27 25
e 27 28 26
e 28 29 27
e 29 30 28
e 30 31 29
e 31 32 30
e 32 33 31
e 33 34 32
e 34 35 33
e 35 36 34
e 36 37 35
e 37 38 36
