v 1 203
v 2 204
v 3 205
v 4 185
v 5 186
v 6 166
v 7 146
v 8 147
v 9 127
v 10 107
v 11 88
v 12 89
v 13 69
v 14 70
v 15 50
v 16 51
v 17 52
v 18 53
v 19 34
v 20 35
v 21 15
v 22 16
v 23 36
v 24 35
v 25 15
v 26 14
v 27 15
v 28 14
v 29 15
e 1 2 0
e 2 3 1
e 3 4 2
e 4 5 3
e 5 6 4
e 6 7 5
e 7 8 6
e 8 9 7
e 9 10 8
e 10 11 9
e 11 12 10
e 12 13 11
e 13 14 12
e 14 15 13
e 15 16 14
e 16 17 15
e 17 18 16
e 18 19 17
e 19 20 18
e 20 21 19
e 21 22 20
e 22 23 21
e 23 24 22
e 24 25 23
e 25 26 24
e 26 27 25
e 27 28 26
e 28 29 27
