v 1 4
v 2 25
v 3 45
v 4 46
v 5 66
v 6 87
v 7 107
v 8 108
v 9 128
v 10 129
v 11 149
v 12 150
v 13 170
v 14 171
v 15 191
v 16 192
v 17 193
v 18 213
v 19 214
v 20 234
v 21 235
v 22 256
v 23 257
v 24 258
v 25 278
v 26 279
v 27 299
v 28 298
e 1 2 0
e 2 3 1
e 3 4 2
e 4 5 3
e 5 6 4
e 6 7 5
e 7 8 6
e 8 9 7
e 9 10 8
e 10 11 9
e 11 12 10
e 12 13 11
e 13 14 12
e 14 15 13
e 15 16 14
e 16 17 15
e 17 18 16
e 18 19 17
e 19 20 18
e 20 21 19
e 21 22 20
e 22 23 21
e 23 24 22
e 24 25 23
e 25 26 24
e 26 27 25
e 27 28 26
