v 1 263
v 2 264
v 3 244
v 4 245
v 5 225
v 6 226
v 7 207
v 8 208
v 9 209
v 10 210
v 11 211
v 12 212
v 13 192
v 14 193
v 15 173
v 16 153
v 17 154
v 18 134
v 19 154
v 20 134
v 21 114
v 22 134
v 23 154
v 24 155
v 25 175
v 26 195
v 27 216
v 28 236
v 29 237
v 30 257
v 31 258
v 32 278
v 33 298
e 1 2 0
e 2 3 1
e 3 4 2
e 4 5 3
e 5 6 4
e 6 7 5
e 7 8 6
e 8 9 7
e 9 10 8
e 10 11 9
e 11 12 10
e 12 13 11
e 13 14 12
e 14 15 13
e 15 16 14
e 16 17 15
e 17 18 16
e 18 19 17
e 19 20 18
e 20 21 19
e 21 22 20
e 22 23 21
e 23 24 22
e 24 25 23
e 25 26 24
e 26 27 25
e 27 28 26
e 28 29 27
e 29 30 28
e 30 31 29
e 31 32 30
e 32 33 31
