v 1 298
v 2 299
v 3 279
v 4 259
v 5 258
v 6 238
v 7 237
v 8 216
v 9 215
v 10 195
v 11 194
v 12 174
v 13 173
v 14 152
v 15 151
v 16 131
v 17 130
v 18 110
v 19 109
v 20 89
v 21 88
v 22 68
v 23 48
v 24 47
v 25 27
v 26 26
v 27 6
v 28 5
e 1 2 0
e 2 3 1
e 3 4 2
e 4 5 3
e 5 6 4
e 6 7 5
e 7 8 6
e 8 9 7
e 9 10 8
e 10 11 9
e 11 12 10
e 12 13 11
e 13 14 12
e 14 15 13
e 15 16 14
e 16 17 15
e 17 18 16
e 18 19 17
e 19 20 18
e 20 21 19
e 21 22 20
e 22 23 21
e 23 24 22
e 24 25 23
e 25 26 24
e 26 27 25
e 27 28 26
