v 1 283
v 2 263
v 3 243
v 4 223
v 5 203
v 6 204
v 7 184
v 8 164
v 9 143
v 10 144
v 11 124
v 12 104
v 13 103
v 14 104
v 15 84
v 16 64
v 17 65
v 18 45
v 19 24
v 20 23
v 21 3
v 22 2
v 23 22
v 24 42
v 25 62
v 26 61
v 27 81
v 28 101
v 29 121
v 30 120
v 31 140
v 32 160
v 33 180
e 1 2 0
e 2 3 1
e 3 4 2
e 4 5 3
e 5 6 4
e 6 7 5
e 7 8 6
e 8 9 7
e 9 10 8
e 10 11 9
e 11 12 10
e 12 13 11
e 13 14 12
e 14 15 13
e 15 16 14
e 16 17 15
e 17 18 16
e 18 19 17
e 19 20 18
e 20 21 19
e 21 22 20
e 22 23 21
e 23 24 22
e 24 25 23
e 25 26 24
e 26 27 25
e 27 28 26
e 28 29 27
e 29 30 28
e 30 31 29
e 31 32 30
e 32 33 31
