v 1 264
v 2 263
v 3 264
v 4 244
v 5 245
v 6 246
v 7 226
v 8 206
v 9 226
v 10 206
v 11 226
v 12 206
v 13 205
v 14 225
v 15 226
v 16 225
v 17 206
v 18 225
v 19 205
v 20 225
v 21 224
v 22 225
v 23 245
v 24 244
v 25 264
v 26 263
v 27 264
v 28 263
e 1 2 0
e 2 3 1
e 3 4 2
e 4 5 3
e 5 6 4
e 6 7 5
e 7 8 6
e 8 9 7
e 9 10 8
e 10 11 9
e 11 12 10
e 12 13 11
e 13 14 12
e 14 15 13
e 15 16 14
e 16 17 15
e 17 18 16
e 18 19 17
e 19 20 18
e 20 21 19
e 21 22 20
e 22 23 21
e 23 24 22
e 24 25 23
e 25 26 24
e 26 27 25
e 27 28 26
