v 1 2
v 2 22
v 3 42
v 4 62
v 5 82
v 6 62
v 7 82
v 8 62
v 9 63
v 10 62
v 11 82
v 12 62
v 13 82
v 14 62
v 15 82
v 16 102
v 17 101
v 18 102
v 19 101
v 20 102
v 21 101
v 22 102
v 23 101
v 24 102
v 25 101
v 26 102
v 27 82
v 28 102
v 29 103
v 30 123
v 31 143
v 32 123
v 33 122
v 34 142
v 35 141
v 36 161
e 1 2 0
e 2 3 1
e 3 4 2
e 4 5 3
e 5 6 4
e 6 7 5
e 7 8 6
e 8 9 7
e 9 10 8
e 10 11 9
e 11 12 10
e 12 13 11
e 13 14 12
e 14 15 13
e 15 16 14
e 16 17 15
e 17 18 16
e 18 19 17
e 19 20 18
e 20 21 19
e 21 22 20
e 22 23 21
e 23 24 22
e 24 25 23
e 25 26 24
e 26 27 25
e 27 28 26
e 28 29 27
e 29 30 28
e 30 31 29
e 31 32 30
e 32 33 31
e 33 34 32
e 34 35 33
e 35 36 34
