v 1 4
v 2 24
v 3 23
v 4 43
v 5 63
v 6 83
v 7 84
v 8 104
v 9 103
v 10 143
v 11 163
v 12 183
v 13 203
v 14 223
v 15 224
v 16 223
v 17 224
v 18 223
v 19 224
v 20 223
v 21 224
v 22 223
v 23 243
v 24 244
v 25 224
v 26 244
v 27 224
v 28 223
v 29 243
v 30 244
v 31 245
v 32 246
v 33 226
v 34 205
v 35 204
v 36 224
v 37 223
e 1 2 0
e 2 3 1
e 3 4 2
e 4 5 3
e 5 6 4
e 6 7 5
e 7 8 6
e 8 9 7
e 9 10 8
e 10 11 9
e 11 12 10
e 12 13 11
e 13 14 12
e 14 15 13
e 15 16 14
e 16 17 15
e 17 18 16
e 18 19 17
e 19 20 18
e 20 21 19
e 21 22 20
e 22 23 21
e 23 24 22
e 24 25 23
e 25 26 24
e 26 27 25
e 27 28 26
e 28 29 27
e 29 30 28
e 30 31 29
e 31 32 30
e 32 33 31
e 33 34 32
e 34 35 33
e 35 36 34
e 36 37 35
