v 1 6
v 2 26
v 3 25
v 4 26
v 5 46
v 6 45
v 7 46
v 8 45
v 9 65
v 10 64
v 11 84
v 12 104
v 13 124
v 14 123
v 15 143
v 16 163
v 17 183
v 18 203
v 19 223
v 20 224
v 21 225
v 22 244
v 23 225
v 24 244
v 25 245
v 26 244
v 27 243
v 28 263
v 29 283
e 1 2 0
e 2 3 1
e 3 4 2
e 4 5 3
e 5 6 4
e 6 7 5
e 7 8 6
e 8 9 7
e 9 10 8
e 10 11 9
e 11 12 10
e 12 13 11
e 13 14 12
e 14 15 13
e 15 16 14
e 16 17 15
e 17 18 16
e 18 19 17
e 19 20 18
e 20 21 19
e 21 22 20
e 22 23 21
e 23 24 22
e 24 25 23
e 25 26 24
e 26 27 25
e 27 28 26
e 28 29 27
