v 1 283
v 2 263
v 3 264
v 4 244
v 5 225
v 6 205
v 7 206
v 8 186
v 9 187
v 10 167
v 11 168
v 12 149
v 13 130
v 14 131
v 15 111
v 16 112
v 17 92
v 18 93
v 19 94
v 20 74
v 21 75
v 22 55
v 23 35
v 24 36
v 25 16
v 26 17
v 27 16
v 28 17
v 29 16
v 30 17
v 31 16
v 32 17
v 33 16
v 34 17
v 35 16
v 36 17
v 37 16
v 38 17
v 39 16
v 40 17
v 41 16
v 42 17
v 43 16
v 44 17
v 45 18
v 46 19
e 1 2 0
e 2 3 1
e 3 4 2
e 4 5 3
e 5 6 4
e 6 7 5
e 7 8 6
e 8 9 7
e 9 10 8
e 10 11 9
e 11 12 10
e 12 13 11
e 13 14 12
e 14 15 13
e 15 16 14
e 16 17 15
e 17 18 16
e 18 19 17
e 19 20 18
e 20 21 19
e 21 22 20
e 22 23 21
e 23 24 22
e 24 25 23
e 25 26 24
e 26 27 25
e 27 28 26
e 28 29 27
e 29 30 28
e 30 31 29
e 31 32 30
e 32 33 31
e 33 34 32
e 34 35 33
e 35 36 34
e 36 37 35
e 37 38 36
e 38 39 37
e 39 40 38
e 40 41 39
e 41 42 40
e 42 43 41
e 43 44 42
e 44 45 43
e 45 46 44
