v 1 3
v 2 4
v 3 24
v 4 45
v 5 65
v 6 66
v 7 87
v 8 88
v 9 109
v 10 110
v 11 111
v 12 112
v 13 113
v 14 112
v 15 111
v 16 110
v 17 109
v 18 108
v 19 87
v 20 107
v 21 106
v 22 105
v 23 104
v 24 124
v 25 123
v 26 122
v 27 121
v 28 141
v 29 140
e 1 2 0
e 2 3 1
e 3 4 2
e 4 5 3
e 5 6 4
e 6 7 5
e 7 8 6
e 8 9 7
e 9 10 8
e 10 11 9
e 11 12 10
e 12 13 11
e 13 14 12
e 14 15 13
e 15 16 14
e 16 17 15
e 17 18 16
e 18 19 17
e 19 20 18
e 20 21 19
e 21 22 20
e 22 23 21
e 23 24 22
e 24 25 23
e 25 26 24
e 26 27 25
e 27 28 26
e 28 29 27
