v 1 279
v 2 278
v 3 279
v 4 278
v 5 258
v 6 257
v 7 256
v 8 236
v 9 235
v 10 234
v 11 233
v 12 232
v 13 231
v 14 230
v 15 250
v 16 251
v 17 250
v 18 249
v 19 250
v 20 251
v 21 252
v 22 251
v 23 250
v 24 251
v 25 250
v 26 230
v 27 251
v 28 230
v 29 231
v 30 251
v 31 250
v 32 251
v 33 250
v 34 251
v 35 250
v 36 251
v 37 250
v 38 251
v 39 250
v 40 251
v 41 231
v 42 211
v 43 191
v 44 171
v 45 170
v 46 171
v 47 170
v 48 171
v 49 170
v 50 171
v 51 170
v 52 171
v 53 170
v 54 171
v 55 170
v 56 171
v 57 170
v 58 171
v 59 170
v 60 171
v 61 170
v 62 171
v 63 170
v 64 171
v 65 170
v 66 171
v 67 170
v 68 171
v 69 170
v 70 171
v 71 170
v 72 171
v 73 170
v 74 171
v 75 170
v 76 171
v 77 170
v 78 171
v 79 170
v 80 171
v 81 191
v 82 192
v 83 212
v 84 213
v 85 214
v 86 234
v 87 214
v 88 234
v 89 235
v 90 255
v 91 256
v 92 255
v 93 256
v 94 257
v 95 258
v 96 278
v 97 279
v 98 299
e 1 2 0
e 2 3 1
e 3 4 2
e 4 5 3
e 5 6 4
e 6 7 5
e 7 8 6
e 8 9 7
e 9 10 8
e 10 11 9
e 11 12 10
e 12 13 11
e 13 14 12
e 14 15 13
e 15 16 14
e 16 17 15
e 17 18 16
e 18 19 17
e 19 20 18
e 20 21 19
e 21 22 20
e 22 23 21
e 23 24 22
e 24 25 23
e 25 26 24
e 26 27 25
e 27 28 26
e 28 29 27
e 29 30 28
e 30 31 29
e 31 32 30
e 32 33 31
e 33 34 32
e 34 35 33
e 35 36 34
e 36 37 35
e 37 38 36
e 38 39 37
e 39 40 38
e 40 41 39
e 41 42 40
e 42 43 41
e 43 44 42
e 44 45 43
e 45 46 44
e 46 47 45
e 47 48 46
e 48 49 47
e 49 50 48
e 50 51 49
e 51 52 50
e 52 53 51
e 53 54 52
e 54 55 53
e 55 56 54
e 56 57 55
e 57 58 56
e 58 59 57
e 59 60 58
e 60 61 59
e 61 62 60
e 62 63 61
e 63 64 62
e 64 65 63
e 65 66 64
e 66 67 65
e 67 68 66
e 68 69 67
e 69 70 68
e 70 71 69
e 71 72 70
e 72 73 71
e 73 74 72
e 74 75 73
e 75 76 74
e 76 77 75
e 77 78 76
e 78 79 77
e 79 80 78
e 80 81 79
e 81 82 80
e 82 83 81
e 83 84 82
e 84 85 83
e 85 86 84
e 86 87 85
e 87 88 86
e 88 89 87
e 89 90 88
e 90 91 89
e 91 92 90
e 92 93 91
e 93 94 92
e 94 95 93
e 95 96 94
e 96 97 95
e 97 98 96
