v 1 278
v 2 279
v 3 278
v 4 258
v 5 257
v 6 237
v 7 236
v 8 235
v 9 215
v 10 214
v 11 213
v 12 193
v 13 192
v 14 191
v 15 190
v 16 189
v 17 208
v 18 207
v 19 206
v 20 226
v 21 225
v 22 245
v 23 244
v 24 264
v 25 263
v 26 243
v 27 244
v 28 224
v 29 225
v 30 205
v 31 186
v 32 187
v 33 167
v 34 168
v 35 148
v 36 149
v 37 129
v 38 130
v 39 110
v 40 111
v 41 91
v 42 92
v 43 72
v 44 73
v 45 54
v 46 35
v 47 36
v 48 16
v 49 15
e 1 2 0
e 2 3 1
e 3 4 2
e 4 5 3
e 5 6 4
e 6 7 5
e 7 8 6
e 8 9 7
e 9 10 8
e 10 11 9
e 11 12 10
e 12 13 11
e 13 14 12
e 14 15 13
e 15 16 14
e 16 17 15
e 17 18 16
e 18 19 17
e 19 20 18
e 20 21 19
e 21 22 20
e 22 23 21
e 23 24 22
e 24 25 23
e 25 26 24
e 26 27 25
e 27 28 26
e 28 29 27
e 29 30 28
e 30 31 29
e 31 32 30
e 32 33 31
e 33 34 32
e 34 35 33
e 35 36 34
e 36 37 35
e 37 38 36
e 38 39 37
e 39 40 38
e 40 41 39
e 41 42 40
e 42 43 41
e 43 44 42
e 44 45 43
e 45 46 44
e 46 47 45
e 47 48 46
e 48 49 47
