v 1 5
v 2 25
v 3 26
v 4 46
v 5 47
v 6 67
v 7 68
v 8 88
v 9 89
v 10 109
v 11 110
v 12 130
v 13 131
v 14 132
v 15 152
v 16 153
v 17 174
v 18 175
v 19 195
v 20 196
v 21 197
v 22 217
v 23 237
v 24 238
v 25 258
v 26 278
v 27 299
v 28 278
e 1 2 0
e 2 3 1
e 3 4 2
e 4 5 3
e 5 6 4
e 6 7 5
e 7 8 6
e 8 9 7
e 9 10 8
e 10 11 9
e 11 12 10
e 12 13 11
e 13 14 12
e 14 15 13
e 15 16 14
e 16 17 15
e 17 18 16
e 18 19 17
e 19 20 18
e 20 21 19
e 21 22 20
e 22 23 21
e 23 24 22
e 24 25 23
e 25 26 24
e 26 27 25
e 27 28 26
