v 1 6
v 2 26
v 3 47
v 4 67
v 5 68
v 6 88
v 7 89
v 8 90
v 9 91
v 10 92
v 11 93
v 12 94
v 13 95
v 14 96
v 15 117
v 16 118
v 17 119
v 18 139
v 19 119
v 20 118
v 21 117
v 22 116
v 23 115
v 24 114
v 25 113
v 26 112
v 27 111
v 28 110
v 29 109
v 30 108
v 31 107
v 32 106
v 33 105
v 34 85
v 35 84
v 36 64
v 37 43
v 38 23
v 39 3
e 1 2 0
e 2 3 1
e 3 4 2
e 4 5 3
e 5 6 4
e 6 7 5
e 7 8 6
e 8 9 7
e 9 10 8
e 10 11 9
e 11 12 10
e 12 13 11
e 13 14 12
e 14 15 13
e 15 16 14
e 16 17 15
e 17 18 16
e 18 19 17
e 19 20 18
e 20 21 19
e 21 22 20
e 22 23 21
e 23 24 22
e 24 25 23
e 25 26 24
e 26 27 25
e 27 28 26
e 28 29 27
e 29 30 28
e 30 31 29
e 31 32 30
e 32 33 31
e 33 34 32
e 34 35 33
e 35 36 34
e 36 37 35
e 37 38 36
e 38 39 37
