v 1 182
v 2 183
v 3 184
v 4 185
v 5 186
v 6 166
v 7 167
v 8 168
v 9 169
v 10 170
v 11 190
v 12 191
v 13 192
v 14 193
v 15 213
v 16 214
v 17 215
v 18 195
v 19 194
v 20 173
v 21 153
v 22 152
v 23 132
v 24 131
v 25 111
v 26 110
v 27 90
v 28 89
v 29 69
v 30 68
v 31 48
v 32 47
v 33 46
v 34 26
v 35 5
e 1 2 0
e 2 3 1
e 3 4 2
e 4 5 3
e 5 6 4
e 6 7 5
e 7 8 6
e 8 9 7
e 9 10 8
e 10 11 9
e 11 12 10
e 12 13 11
e 13 14 12
e 14 15 13
e 15 16 14
e 16 17 15
e 17 18 16
e 18 19 17
e 19 20 18
e 20 21 19
e 21 22 20
e 22 23 21
e 23 24 22
e 24 25 23
e 25 26 24
e 26 27 25
e 27 28 26
e 28 29 27
e 29 30 28
e 30 31 29
e 31 32 30
e 32 33 31
e 33 34 32
e 34 35 33
