v 1 160
v 2 161
v 3 162
v 4 163
v 5 164
v 6 184
v 7 185
v 8 186
v 9 187
v 10 188
v 11 189
v 12 190
v 13 210
v 14 211
v 15 212
v 16 213
v 17 233
v 18 234
v 19 235
v 20 255
v 21 256
v 22 257
v 23 277
v 24 278
v 25 279
v 26 278
v 27 279
v 28 278
e 1 2 0
e 2 3 1
e 3 4 2
e 4 5 3
e 5 6 4
e 6 7 5
e 7 8 6
e 8 9 7
e 9 10 8
e 10 11 9
e 11 12 10
e 12 13 11
e 13 14 12
e 14 15 13
e 15 16 14
e 16 17 15
e 17 18 16
e 18 19 17
e 19 20 18
e 20 21 19
e 21 22 20
e 22 23 21
e 23 24 22
e 24 25 23
e 25 26 24
e 26 27 25
e 27 28 26
