v 1 18
v 2 38
v 3 37
v 4 57
v 5 56
v 6 76
v 7 75
v 8 95
v 9 94
v 10 114
v 11 113
v 12 133
v 13 153
v 14 152
v 15 172
v 16 171
v 17 191
v 18 190
v 19 210
v 20 209
v 21 229
v 22 228
v 23 248
v 24 268
v 25 288
v 26 269
v 27 268
v 28 288
v 29 269
v 30 288
v 31 269
v 32 288
v 33 268
v 34 288
v 35 289
v 36 268
v 37 288
v 38 289
v 39 268
v 40 289
v 41 288
v 42 289
v 43 268
v 44 289
v 45 288
v 46 289
v 47 288
v 48 269
v 49 289
v 50 269
v 51 289
v 52 288
v 53 289
v 54 288
v 55 268
v 56 269
v 57 288
v 58 289
v 59 288
v 60 289
v 61 269
v 62 288
v 63 269
v 64 289
v 65 269
v 66 288
v 67 269
v 68 288
v 69 269
v 70 289
v 71 288
v 72 289
v 73 288
v 74 269
v 75 289
v 76 288
v 77 289
v 78 269
v 79 288
v 80 289
v 81 268
v 82 269
v 83 289
v 84 288
v 85 289
v 86 288
v 87 268
v 88 269
v 89 288
v 90 269
v 91 268
v 92 289
v 93 288
v 94 289
v 95 288
v 96 289
v 97 268
v 98 269
v 99 289
v 100 288
v 101 289
v 102 269
v 103 289
v 104 269
v 105 289
v 106 269
v 107 289
v 108 268
v 109 289
v 110 288
v 111 289
v 112 268
v 113 289
v 114 268
v 115 289
v 116 288
v 117 289
v 118 268
v 119 289
v 120 268
v 121 288
v 122 289
v 123 268
v 124 289
v 125 268
v 126 289
v 127 268
v 128 289
v 129 268
v 130 269
v 131 289
v 132 268
v 133 289
v 134 268
v 135 289
v 136 268
v 137 289
v 138 269
v 139 268
v 140 289
v 141 268
v 142 289
v 143 268
v 144 289
v 145 268
v 146 288
v 147 289
v 148 268
v 149 269
v 150 268
v 151 269
v 152 289
v 153 268
v 154 289
v 155 268
v 156 289
v 157 288
v 158 289
v 159 268
v 160 288
v 161 289
v 162 269
v 163 289
v 164 269
v 165 268
v 166 289
v 167 268
v 168 289
v 169 288
v 170 289
v 171 269
v 172 268
v 173 269
v 174 289
v 175 268
v 176 289
v 177 268
v 178 289
v 179 268
v 180 289
v 181 268
v 182 289
v 183 288
v 184 289
v 185 268
v 186 289
v 187 268
v 188 289
v 189 268
v 190 289
v 191 268
v 192 269
v 193 289
v 194 268
v 195 289
v 196 268
v 197 289
v 198 268
v 199 269
v 200 289
v 201 268
v 202 289
v 203 269
v 204 268
v 205 289
v 206 268
v 207 269
v 208 268
v 209 289
v 210 269
v 211 289
v 212 288
v 213 289
v 214 269
v 215 289
v 216 288
v 217 289
v 218 269
v 219 289
v 220 288
v 221 289
v 222 288
v 223 289
v 224 269
v 225 288
v 226 289
v 227 288
v 228 289
v 229 288
v 230 269
v 231 289
v 232 269
v 233 289
v 234 269
v 235 288
v 236 269
v 237 289
v 238 288
v 239 289
v 240 269
v 241 289
v 242 288
v 243 289
v 244 269
v 245 289
v 246 288
v 247 269
v 248 289
v 249 269
v 250 289
v 251 288
v 252 289
v 253 288
v 254 289
v 255 288
v 256 289
v 257 269
v 258 289
v 259 268
v 260 289
v 261 268
v 262 289
v 263 269
v 264 289
v 265 269
v 266 289
v 267 288
v 268 268
v 269 289
v 270 269
v 271 289
v 272 268
v 273 289
v 274 268
v 275 289
v 276 268
v 277 269
v 278 289
v 279 269
v 280 268
v 281 289
v 282 268
v 283 289
e 1 2 0
e 2 3 1
e 3 4 2
e 4 5 3
e 5 6 4
e 6 7 5
e 7 8 6
e 8 9 7
e 9 10 8
e 10 11 9
e 11 12 10
e 12 13 11
e 13 14 12
e 14 15 13
e 15 16 14
e 16 17 15
e 17 18 16
e 18 19 17
e 19 20 18
e 20 21 19
e 21 22 20
e 22 23 21
e 23 24 22
e 24 25 23
e 25 26 24
e 26 27 25
e 27 28 26
e 28 29 27
e 29 30 28
e 30 31 29
e 31 32 30
e 32 33 31
e 33 34 32
e 34 35 33
e 35 36 34
e 36 37 35
e 37 38 36
e 38 39 37
e 39 40 38
e 40 41 39
e 41 42 40
e 42 43 41
e 43 44 42
e 44 45 43
e 45 46 44
e 46 47 45
e 47 48 46
e 48 49 47
e 49 50 48
e 50 51 49
e 51 52 50
e 52 53 51
e 53 54 52
e 54 55 53
e 55 56 54
e 56 57 55
e 57 58 56
e 58 59 57
e 59 60 58
e 60 61 59
e 61 62 60
e 62 63 61
e 63 64 62
e 64 65 63
e 65 66 64
e 66 67 65
e 67 68 66
e 68 69 67
e 69 70 68
e 70 71 69
e 71 72 70
e 72 73 71
e 73 74 72
e 74 75 73
e 75 76 74
e 76 77 75
e 77 78 76
e 78 79 77
e 79 80 78
e 80 81 79
e 81 82 80
e 82 83 81
e 83 84 82
e 84 85 83
e 85 86 84
e 86 87 85
e 87 88 86
e 88 89 87
e 89 90 88
e 90 91 89
e 91 92 90
e 92 93 91
e 93 94 92
e 94 95 93
e 95 96 94
e 96 97 95
e 97 98 96
e 98 99 97
e 99 100 98
e 100 101 99
e 101 102 100
e 102 103 101
e 103 104 102
e 104 105 103
e 105 106 104
e 106 107 105
e 107 108 106
e 108 109 107
e 109 110 108
e 110 111 109
e 111 112 110
e 112 113 111
e 113 114 112
e 114 115 113
e 115 116 114
e 116 117 115
e 117 118 116
e 118 119 117
e 119 120 118
e 120 121 119
e 121 122 120
e 122 123 121
e 123 124 122
e 124 125 123
e 125 126 124
e 126 127 125
e 127 128 126
e 128 129 127
e 129 130 128
e 130 131 129
e 131 132 130
e 132 133 131
e 133 134 132
e 134 135 133
e 135 136 134
e 136 137 135
e 137 138 136
e 138 139 137
e 139 140 138
e 140 141 139
e 141 142 140
e 142 143 141
e 143 144 142
e 144 145 143
e 145 146 144
e 146 147 145
e 147 148 146
e 148 149 147
e 149 150 148
e 150 151 149
e 151 152 150
e 152 153 151
e 153 154 152
e 154 155 153
e 155 156 154
e 156 157 155
e 157 158 156
e 158 159 157
e 159 160 158
e 160 161 159
e 161 162 160
e 162 163 161
e 163 164 162
e 164 165 163
e 165 166 164
e 166 167 165
e 167 168 166
e 168 169 167
e 169 170 168
e 170 171 169
e 171 172 170
e 172 173 171
e 173 174 172
e 174 175 173
e 175 176 174
e 176 177 175
e 177 178 176
e 178 179 177
e 179 180 178
e 180 181 179
e 181 182 180
e 182 183 181
e 183 184 182
e 184 185 183
e 185 186 184
e 186 187 185
e 187 188 186
e 188 189 187
e 189 190 188
e 190 191 189
e 191 192 190
e 192 193 191
e 193 194 192
e 194 195 193
e 195 196 194
e 196 197 195
e 197 198 196
e 198 199 197
e 199 200 198
e 200 201 199
e 201 202 200
e 202 203 201
e 203 204 202
e 204 205 203
e 205 206 204
e 206 207 205
e 207 208 206
e 208 209 207
e 209 210 208
e 210 211 209
e 211 212 210
e 212 213 211
e 213 214 212
e 214 215 213
e 215 216 214
e 216 217 215
e 217 218 216
e 218 219 217
e 219 220 218
e 220 221 219
e 221 222 220
e 222 223 221
e 223 224 222
e 224 225 223
e 225 226 224
e 226 227 225
e 227 228 226
e 228 229 227
e 229 230 228
e 230 231 229
e 231 232 230
e 232 233 231
e 233 234 232
e 234 235 233
e 235 236 234
e 236 237 235
e 237 238 236
e 238 239 237
e 239 240 238
e 240 241 239
e 241 242 240
e 242 243 241
e 243 244 242
e 244 245 243
e 245 246 244
e 246 247 245
e 247 248 246
e 248 249 247
e 249 250 248
e 250 251 249
e 251 252 250
e 252 253 251
e 253 254 252
e 254 255 253
e 255 256 254
e 256 257 255
e 257 258 256
e 258 259 257
e 259 260 258
e 260 261 259
e 261 262 260
e 262 263 261
e 263 264 262
e 264 265 263
e 265 266 264
e 266 267 265
e 267 268 266
e 268 269 267
e 269 270 268
e 270 271 269
e 271 272 270
e 272 273 271
e 273 274 272
e 274 275 273
e 275 276 274
e 276 277 275
e 277 278 276
e 278 279 277
e 279 280 278
e 280 281 279
e 281 282 280
e 282 283 281
