v 1 4
v 2 5
v 3 25
v 4 26
v 5 46
v 6 47
v 7 67
v 8 68
v 9 88
v 10 89
v 11 109
v 12 110
v 13 131
v 14 132
v 15 152
v 16 153
v 17 173
v 18 174
v 19 194
v 20 195
v 21 215
v 22 216
v 23 236
v 24 237
v 25 257
v 26 258
v 27 278
v 28 279
v 29 299
e 1 2 0
e 2 3 1
e 3 4 2
e 4 5 3
e 5 6 4
e 6 7 5
e 7 8 6
e 8 9 7
e 9 10 8
e 10 11 9
e 11 12 10
e 12 13 11
e 13 14 12
e 14 15 13
e 15 16 14
e 16 17 15
e 17 18 16
e 18 19 17
e 19 20 18
e 20 21 19
e 21 22 20
e 22 23 21
e 23 24 22
e 24 25 23
e 25 26 24
e 26 27 25
e 27 28 26
e 28 29 27
