v 1 18
v 2 37
v 3 57
v 4 56
v 5 76
v 6 75
v 7 95
v 8 94
v 9 114
v 10 113
v 11 133
v 12 132
v 13 151
v 14 150
v 15 169
v 16 168
v 17 187
v 18 186
v 19 206
v 20 205
v 21 204
v 22 224
v 23 223
v 24 243
v 25 264
v 26 244
v 27 224
v 28 204
v 29 184
v 30 185
v 31 165
v 32 145
v 33 125
v 34 105
v 35 85
v 36 86
v 37 66
v 38 46
v 39 47
v 40 46
v 41 47
v 42 27
v 43 28
v 44 8
v 45 9
e 1 2 0
e 2 3 1
e 3 4 2
e 4 5 3
e 5 6 4
e 6 7 5
e 7 8 6
e 8 9 7
e 9 10 8
e 10 11 9
e 11 12 10
e 12 13 11
e 13 14 12
e 14 15 13
e 15 16 14
e 16 17 15
e 17 18 16
e 18 19 17
e 19 20 18
e 20 21 19
e 21 22 20
e 22 23 21
e 23 24 22
e 24 25 23
e 25 26 24
e 26 27 25
e 27 28 26
e 28 29 27
e 29 30 28
e 30 31 29
e 31 32 30
e 32 33 31
e 33 34 32
e 34 35 33
e 35 36 34
e 36 37 35
e 37 38 36
e 38 39 37
e 39 40 38
e 40 41 39
e 41 42 40
e 42 43 41
e 43 44 42
e 44 45 43
