v 1 39
v 2 59
v 3 58
v 4 78
v 5 77
v 6 97
v 7 96
v 8 116
v 9 135
v 10 155
v 11 154
v 12 174
v 13 173
v 14 174
v 15 173
v 16 193
v 17 192
v 18 212
v 19 211
v 20 231
v 21 230
v 22 229
v 23 249
v 24 229
v 25 249
v 26 248
v 27 247
v 28 267
v 29 247
v 30 246
v 31 247
v 32 246
v 33 247
v 34 267
v 35 247
v 36 267
v 37 266
v 38 267
v 39 266
v 40 267
v 41 266
v 42 267
v 43 266
v 44 267
v 45 266
v 46 267
v 47 266
v 48 267
v 49 266
v 50 267
e 1 2 0
e 2 3 1
e 3 4 2
e 4 5 3
e 5 6 4
e 6 7 5
e 7 8 6
e 8 9 7
e 9 10 8
e 10 11 9
e 11 12 10
e 12 13 11
e 13 14 12
e 14 15 13
e 15 16 14
e 16 17 15
e 17 18 16
e 18 19 17
e 19 20 18
e 20 21 19
e 21 22 20
e 22 23 21
e 23 24 22
e 24 25 23
e 25 26 24
e 26 27 25
e 27 28 26
e 28 29 27
e 29 30 28
e 30 31 29
e 31 32 30
e 32 33 31
e 33 34 32
e 34 35 33
e 35 36 34
e 36 37 35
e 37 38 36
e 38 39 37
e 39 40 38
e 40 41 39
e 41 42 40
e 42 43 41
e 43 44 42
e 44 45 43
e 45 46 44
e 46 47 45
e 47 48 46
e 48 49 47
e 49 50 48
