v 1 298
v 2 278
v 3 257
v 4 277
v 5 257
v 6 256
v 7 236
v 8 235
v 9 234
v 10 233
v 11 232
v 12 231
v 13 211
v 14 191
v 15 190
v 16 170
v 17 150
v 18 149
v 19 129
v 20 128
v 21 108
v 22 88
v 23 87
v 24 67
v 25 47
v 26 27
v 27 7
v 28 6
e 1 2 0
e 2 3 1
e 3 4 2
e 4 5 3
e 5 6 4
e 6 7 5
e 7 8 6
e 8 9 7
e 9 10 8
e 10 11 9
e 11 12 10
e 12 13 11
e 13 14 12
e 14 15 13
e 15 16 14
e 16 17 15
e 17 18 16
e 18 19 17
e 19 20 18
e 20 21 19
e 21 22 20
e 22 23 21
e 23 24 22
e 24 25 23
e 25 26 24
e 26 27 25
e 27 28 26
