v 1 180
v 2 181
v 3 161
v 4 162
v 5 142
v 6 143
v 7 123
v 8 124
v 9 105
v 10 106
v 11 107
v 12 87
v 13 88
v 14 89
v 15 69
v 16 70
v 17 71
v 18 72
v 19 53
v 20 54
v 21 34
v 22 35
v 23 16
v 24 17
v 25 16
v 26 35
v 27 34
v 28 54
v 29 74
v 30 94
v 31 95
v 32 75
v 33 76
v 34 77
v 35 78
v 36 58
v 37 59
e 1 2 0
e 2 3 1
e 3 4 2
e 4 5 3
e 5 6 4
e 6 7 5
e 7 8 6
e 8 9 7
e 9 10 8
e 10 11 9
e 11 12 10
e 12 13 11
e 13 14 12
e 14 15 13
e 15 16 14
e 16 17 15
e 17 18 16
e 18 19 17
e 19 20 18
e 20 21 19
e 21 22 20
e 22 23 21
e 23 24 22
e 24 25 23
e 25 26 24
e 26 27 25
e 27 28 26
e 28 29 27
e 29 30 28
e 30 31 29
e 31 32 30
e 32 33 31
e 33 34 32
e 34 35 33
e 35 36 34
e 36 37 35
