v 1 100
v 2 80
v 3 60
v 4 61
v 5 41
v 6 42
v 7 22
v 8 23
v 9 24
v 10 4
v 11 5
v 12 6
v 13 7
v 14 8
v 15 9
v 16 29
v 17 28
v 18 8
v 19 28
v 20 8
v 21 28
v 22 8
v 23 28
v 24 8
v 25 28
v 26 8
v 27 28
v 28 8
v 29 28
v 30 8
v 31 28
v 32 48
v 33 47
v 34 46
v 35 45
v 36 44
v 37 64
v 38 63
v 39 83
v 40 102
v 41 101
v 42 100
v 43 120
v 44 140
v 45 160
e 1 2 0
e 2 3 1
e 3 4 2
e 4 5 3
e 5 6 4
e 6 7 5
e 7 8 6
e 8 9 7
e 9 10 8
e 10 11 9
e 11 12 10
e 12 13 11
e 13 14 12
e 14 15 13
e 15 16 14
e 16 17 15
e 17 18 16
e 18 19 17
e 19 20 18
e 20 21 19
e 21 22 20
e 22 23 21
e 23 24 22
e 24 25 23
e 25 26 24
e 26 27 25
e 27 28 26
e 28 29 27
e 29 30 28
e 30 31 29
e 31 32 30
e 32 33 31
e 33 34 32
e 34 35 33
e 35 36 34
e 36 37 35
e 37 38 36
e 38 39 37
e 39 40 38
e 40 41 39
e 41 42 40
e 42 43 41
e 43 44 42
e 44 45 43
