v 1 263
v 2 264
v 3 244
v 4 224
v 5 225
v 6 205
v 7 206
v 8 186
v 9 187
v 10 167
v 11 168
v 12 148
v 13 149
v 14 150
v 15 130
v 16 131
v 17 111
v 18 112
v 19 92
v 20 93
v 21 94
v 22 74
v 23 75
v 24 76
v 25 56
v 26 57
v 27 37
v 28 38
v 29 18
v 30 19
v 31 18
v 32 17
v 33 18
v 34 38
v 35 37
v 36 57
v 37 56
v 38 55
v 39 75
v 40 74
v 41 94
v 42 93
v 43 92
v 44 112
v 45 111
v 46 131
v 47 130
v 48 129
v 49 149
v 50 148
v 51 168
v 52 167
v 53 187
v 54 186
v 55 185
v 56 205
v 57 204
v 58 203
v 59 202
e 1 2 0
e 2 3 1
e 3 4 2
e 4 5 3
e 5 6 4
e 6 7 5
e 7 8 6
e 8 9 7
e 9 10 8
e 10 11 9
e 11 12 10
e 12 13 11
e 13 14 12
e 14 15 13
e 15 16 14
e 16 17 15
e 17 18 16
e 18 19 17
e 19 20 18
e 20 21 19
e 21 22 20
e 22 23 21
e 23 24 22
e 24 25 23
e 25 26 24
e 26 27 25
e 27 28 26
e 28 29 27
e 29 30 28
e 30 31 29
e 31 32 30
e 32 33 31
e 33 34 32
e 34 35 33
e 35 36 34
e 36 37 35
e 37 38 36
e 38 39 37
e 39 40 38
e 40 41 39
e 41 42 40
e 42 43 41
e 43 44 42
e 44 45 43
e 45 46 44
e 46 47 45
e 47 48 46
e 48 49 47
e 49 50 48
e 50 51 49
e 51 52 50
e 52 53 51
e 53 54 52
e 54 55 53
e 55 56 54
e 56 57 55
e 57 58 56
e 58 59 57
