v 1 263
v 2 243
v 3 223
v 4 224
v 5 204
v 6 184
v 7 185
v 8 165
v 9 166
v 10 146
v 11 147
v 12 148
v 13 128
v 14 129
v 15 109
v 16 110
v 17 111
v 18 91
v 19 92
v 20 72
v 21 73
v 22 53
v 23 54
v 24 53
v 25 52
v 26 71
v 27 51
v 28 71
v 29 51
v 30 50
v 31 49
v 32 48
v 33 28
v 34 27
v 35 6
v 36 5
e 1 2 0
e 2 3 1
e 3 4 2
e 4 5 3
e 5 6 4
e 6 7 5
e 7 8 6
e 8 9 7
e 9 10 8
e 10 11 9
e 11 12 10
e 12 13 11
e 13 14 12
e 14 15 13
e 15 16 14
e 16 17 15
e 17 18 16
e 18 19 17
e 19 20 18
e 20 21 19
e 21 22 20
e 22 23 21
e 23 24 22
e 24 25 23
e 25 26 24
e 26 27 25
e 27 28 26
e 28 29 27
e 29 30 28
e 30 31 29
e 31 32 30
e 32 33 31
e 33 34 32
e 34 35 33
e 35 36 34
