v 1 299
v 2 279
v 3 278
v 4 258
v 5 257
v 6 258
v 7 237
v 8 216
v 9 217
v 10 196
v 11 197
v 12 176
v 13 156
v 14 155
v 15 135
v 16 155
v 17 135
v 18 134
v 19 114
v 20 113
v 21 112
v 22 113
v 23 93
v 24 92
v 25 91
v 26 92
v 27 91
v 28 71
v 29 91
v 30 71
v 31 70
v 32 69
v 33 70
v 34 69
v 35 49
v 36 29
v 37 28
v 38 29
v 39 9
e 1 2 0
e 2 3 1
e 3 4 2
e 4 5 3
e 5 6 4
e 6 7 5
e 7 8 6
e 8 9 7
e 9 10 8
e 10 11 9
e 11 12 10
e 12 13 11
e 13 14 12
e 14 15 13
e 15 16 14
e 16 17 15
e 17 18 16
e 18 19 17
e 19 20 18
e 20 21 19
e 21 22 20
e 22 23 21
e 23 24 22
e 24 25 23
e 25 26 24
e 26 27 25
e 27 28 26
e 28 29 27
e 29 30 28
e 30 31 29
e 31 32 30
e 32 33 31
e 33 34 32
e 34 35 33
e 35 36 34
e 36 37 35
e 37 38 36
e 38 39 37
