v 1 263
v 2 243
v 3 224
v 4 225
v 5 205
v 6 206
v 7 207
v 8 208
v 9 209
v 10 189
v 11 190
v 12 191
v 13 192
v 14 173
v 15 174
v 16 154
v 17 155
v 18 135
v 19 136
v 20 117
v 21 118
v 22 119
v 23 139
v 24 159
v 25 179
v 26 159
v 27 179
v 28 159
v 29 179
v 30 159
v 31 179
v 32 159
v 33 179
v 34 159
v 35 179
v 36 159
v 37 179
v 38 159
v 39 179
v 40 159
v 41 179
v 42 159
v 43 179
v 44 159
v 45 179
v 46 159
v 47 179
v 48 159
v 49 179
v 50 159
v 51 139
v 52 119
v 53 118
v 54 117
v 55 116
v 56 136
v 57 116
v 58 115
v 59 114
v 60 113
v 61 93
v 62 92
v 63 91
v 64 90
v 65 89
v 66 88
v 67 87
v 68 107
v 69 106
v 70 105
v 71 104
v 72 124
v 73 123
v 74 143
v 75 162
v 76 182
v 77 203
v 78 223
v 79 243
v 80 263
e 1 2 0
e 2 3 1
e 3 4 2
e 4 5 3
e 5 6 4
e 6 7 5
e 7 8 6
e 8 9 7
e 9 10 8
e 10 11 9
e 11 12 10
e 12 13 11
e 13 14 12
e 14 15 13
e 15 16 14
e 16 17 15
e 17 18 16
e 18 19 17
e 19 20 18
e 20 21 19
e 21 22 20
e 22 23 21
e 23 24 22
e 24 25 23
e 25 26 24
e 26 27 25
e 27 28 26
e 28 29 27
e 29 30 28
e 30 31 29
e 31 32 30
e 32 33 31
e 33 34 32
e 34 35 33
e 35 36 34
e 36 37 35
e 37 38 36
e 38 39 37
e 39 40 38
e 40 41 39
e 41 42 40
e 42 43 41
e 43 44 42
e 44 45 43
e 45 46 44
e 46 47 45
e 47 48 46
e 48 49 47
e 49 50 48
e 50 51 49
e 51 52 50
e 52 53 51
e 53 54 52
e 54 55 53
e 55 56 54
e 56 57 55
e 57 58 56
e 58 59 57
e 59 60 58
e 60 61 59
e 61 62 60
e 62 63 61
e 63 64 62
e 64 65 63
e 65 66 64
e 66 67 65
e 67 68 66
e 68 69 67
e 69 70 68
e 70 71 69
e 71 72 70
e 72 73 71
e 73 74 72
e 74 75 73
e 75 76 74
e 76 77 75
e 77 78 76
e 78 79 77
e 79 80 78
