v 1 7
v 2 28
v 3 49
v 4 50
v 5 70
v 6 71
v 7 72
v 8 73
v 9 93
v 10 94
v 11 95
v 12 96
v 13 97
v 14 117
v 15 118
v 16 119
v 17 139
v 18 119
v 19 139
v 20 119
v 21 99
v 22 98
v 23 97
v 24 96
v 25 95
v 26 94
v 27 93
v 28 73
v 29 72
v 30 71
v 31 70
v 32 69
v 33 49
v 34 48
v 35 27
v 36 7
e 1 2 0
e 2 3 1
e 3 4 2
e 4 5 3
e 5 6 4
e 6 7 5
e 7 8 6
e 8 9 7
e 9 10 8
e 10 11 9
e 11 12 10
e 12 13 11
e 13 14 12
e 14 15 13
e 15 16 14
e 16 17 15
e 17 18 16
e 18 19 17
e 19 20 18
e 20 21 19
e 21 22 20
e 22 23 21
e 23 24 22
e 24 25 23
e 25 26 24
e 26 27 25
e 27 28 26
e 28 29 27
e 29 30 28
e 30 31 29
e 31 32 30
e 32 33 31
e 33 34 32
e 34 35 33
e 35 36 34
