v 1 263
v 2 244
v 3 243
v 4 223
v 5 203
v 6 183
v 7 184
v 8 183
v 9 184
v 10 164
v 11 144
v 12 124
v 13 125
v 14 105
v 15 106
v 16 86
v 17 87
v 18 88
v 19 68
v 20 69
v 21 70
v 22 71
v 23 72
v 24 52
v 25 53
v 26 54
v 27 34
v 28 35
v 29 15
v 30 16
v 31 36
v 32 35
v 33 36
v 34 35
e 1 2 0
e 2 3 1
e 3 4 2
e 4 5 3
e 5 6 4
e 6 7 5
e 7 8 6
e 8 9 7
e 9 10 8
e 10 11 9
e 11 12 10
e 12 13 11
e 13 14 12
e 14 15 13
e 15 16 14
e 16 17 15
e 17 18 16
e 18 19 17
e 19 20 18
e 20 21 19
e 21 22 20
e 22 23 21
e 23 24 22
e 24 25 23
e 25 26 24
e 26 27 25
e 27 28 26
e 28 29 27
e 29 30 28
e 30 31 29
e 31 32 30
e 32 33 31
e 33 34 32
