v 1 180
v 2 160
v 3 140
v 4 120
v 5 121
v 6 122
v 7 102
v 8 103
v 9 104
v 10 84
v 11 85
v 12 86
v 13 87
v 14 88
v 15 68
v 16 69
v 17 70
v 18 71
v 19 51
v 20 52
v 21 53
v 22 54
v 23 55
v 24 35
v 25 36
v 26 16
v 27 17
v 28 37
v 29 17
v 30 37
v 31 17
v 32 16
v 33 17
v 34 16
v 35 15
v 36 14
e 1 2 0
e 2 3 1
e 3 4 2
e 4 5 3
e 5 6 4
e 6 7 5
e 7 8 6
e 8 9 7
e 9 10 8
e 10 11 9
e 11 12 10
e 12 13 11
e 13 14 12
e 14 15 13
e 15 16 14
e 16 17 15
e 17 18 16
e 18 19 17
e 19 20 18
e 20 21 19
e 21 22 20
e 22 23 21
e 23 24 22
e 24 25 23
e 25 26 24
e 26 27 25
e 27 28 26
e 28 29 27
e 29 30 28
e 30 31 29
e 31 32 30
e 32 33 31
e 33 34 32
e 34 35 33
e 35 36 34
