v 1 283
v 2 263
v 3 264
v 4 263
v 5 264
v 6 244
v 7 245
v 8 225
v 9 226
v 10 206
v 11 207
v 12 187
v 13 188
v 14 168
v 15 148
v 16 149
v 17 128
v 18 108
v 19 107
v 20 87
v 21 67
v 22 66
v 23 46
v 24 45
v 25 25
v 26 5
v 27 4
v 28 5
e 1 2 0
e 2 3 1
e 3 4 2
e 4 5 3
e 5 6 4
e 6 7 5
e 7 8 6
e 8 9 7
e 9 10 8
e 10 11 9
e 11 12 10
e 12 13 11
e 13 14 12
e 14 15 13
e 15 16 14
e 16 17 15
e 17 18 16
e 18 19 17
e 19 20 18
e 20 21 19
e 21 22 20
e 22 23 21
e 23 24 22
e 24 25 23
e 25 26 24
e 26 27 25
e 27 28 26
