v 1 5
v 2 26
v 3 27
v 4 47
v 5 28
v 6 48
v 7 49
v 8 50
v 9 49
v 10 70
v 11 71
v 12 72
v 13 73
v 14 53
v 15 73
v 16 74
v 17 54
v 18 55
v 19 35
v 20 55
v 21 35
v 22 34
v 23 35
v 24 34
v 25 35
v 26 55
v 27 35
v 28 55
v 29 35
v 30 55
v 31 35
v 32 55
v 33 35
v 34 55
v 35 35
v 36 55
v 37 35
v 38 55
v 39 54
v 40 53
v 41 73
v 42 72
v 43 71
v 44 90
v 45 110
v 46 109
v 47 129
v 48 128
v 49 148
v 50 147
v 51 167
v 52 166
v 53 186
v 54 205
v 55 225
v 56 224
v 57 244
v 58 243
v 59 263
v 60 283
e 1 2 0
e 2 3 1
e 3 4 2
e 4 5 3
e 5 6 4
e 6 7 5
e 7 8 6
e 8 9 7
e 9 10 8
e 10 11 9
e 11 12 10
e 12 13 11
e 13 14 12
e 14 15 13
e 15 16 14
e 16 17 15
e 17 18 16
e 18 19 17
e 19 20 18
e 20 21 19
e 21 22 20
e 22 23 21
e 23 24 22
e 24 25 23
e 25 26 24
e 26 27 25
e 27 28 26
e 28 29 27
e 29 30 28
e 30 31 29
e 31 32 30
e 32 33 31
e 33 34 32
e 34 35 33
e 35 36 34
e 36 37 35
e 37 38 36
e 38 39 37
e 39 40 38
e 40 41 39
e 41 42 40
e 42 43 41
e 43 44 42
e 44 45 43
e 45 46 44
e 46 47 45
e 47 48 46
e 48 49 47
e 49 50 48
e 50 51 49
e 51 52 50
e 52 53 51
e 53 54 52
e 54 55 53
e 55 56 54
e 56 57 55
e 57 58 56
e 58 59 57
e 59 60 58
