v 1 9
v 2 8
v 3 27
v 4 46
v 5 66
v 6 65
v 7 85
v 8 84
v 9 104
v 10 124
v 11 144
v 12 164
v 13 184
v 14 204
v 15 203
v 16 223
v 17 243
v 18 263
v 19 244
v 20 224
v 21 225
v 22 205
v 23 185
v 24 186
v 25 166
v 26 167
v 27 147
v 28 127
v 29 107
v 30 106
v 31 86
v 32 66
v 33 65
v 34 45
v 35 25
v 36 5
v 37 4
e 1 2 0
e 2 3 1
e 3 4 2
e 4 5 3
e 5 6 4
e 6 7 5
e 7 8 6
e 8 9 7
e 9 10 8
e 10 11 9
e 11 12 10
e 12 13 11
e 13 14 12
e 14 15 13
e 15 16 14
e 16 17 15
e 17 18 16
e 18 19 17
e 19 20 18
e 20 21 19
e 21 22 20
e 22 23 21
e 23 24 22
e 24 25 23
e 25 26 24
e 26 27 25
e 27 28 26
e 28 29 27
e 29 30 28
e 30 31 29
e 31 32 30
e 32 33 31
e 33 34 32
e 34 35 33
e 35 36 34
e 36 37 35
