v 1 160
v 2 180
v 3 181
v 4 182
v 5 183
v 6 184
v 7 185
v 8 186
v 9 187
v 10 206
v 11 205
v 12 206
v 13 226
v 14 206
v 15 226
v 16 206
v 17 226
v 18 227
v 19 226
v 20 206
v 21 226
v 22 206
v 23 207
v 24 227
v 25 207
v 26 227
v 27 226
v 28 227
v 29 207
v 30 227
v 31 226
v 32 227
v 33 207
v 34 206
v 35 205
v 36 204
v 37 203
v 38 202
v 39 182
v 40 181
v 41 161
v 42 160
v 43 140
v 44 120
v 45 100
e 1 2 0
e 2 3 1
e 3 4 2
e 4 5 3
e 5 6 4
e 6 7 5
e 7 8 6
e 8 9 7
e 9 10 8
e 10 11 9
e 11 12 10
e 12 13 11
e 13 14 12
e 14 15 13
e 15 16 14
e 16 17 15
e 17 18 16
e 18 19 17
e 19 20 18
e 20 21 19
e 21 22 20
e 22 23 21
e 23 24 22
e 24 25 23
e 25 26 24
e 26 27 25
e 27 28 26
e 28 29 27
e 29 30 28
e 30 31 29
e 31 32 30
e 32 33 31
e 33 34 32
e 34 35 33
e 35 36 34
e 36 37 35
e 37 38 36
e 38 39 37
e 39 40 38
e 40 41 39
e 41 42 40
e 42 43 41
e 43 44 42
e 44 45 43
