v 1 161
v 2 141
v 3 142
v 4 122
v 5 103
v 6 83
v 7 63
v 8 64
v 9 44
v 10 45
v 11 46
v 12 47
v 13 67
v 14 68
v 15 89
v 16 90
v 17 111
v 18 112
v 19 132
v 20 133
v 21 134
v 22 154
v 23 155
v 24 175
v 25 196
v 26 216
v 27 217
v 28 237
v 29 258
v 30 278
v 31 279
v 32 299
e 1 2 0
e 2 3 1
e 3 4 2
e 4 5 3
e 5 6 4
e 6 7 5
e 7 8 6
e 8 9 7
e 9 10 8
e 10 11 9
e 11 12 10
e 12 13 11
e 13 14 12
e 14 15 13
e 15 16 14
e 16 17 15
e 17 18 16
e 18 19 17
e 19 20 18
e 20 21 19
e 21 22 20
e 22 23 21
e 23 24 22
e 24 25 23
e 25 26 24
e 26 27 25
e 27 28 26
e 28 29 27
e 29 30 28
e 30 31 29
e 31 32 30
