v 1 3
v 2 23
v 3 24
v 4 45
v 5 46
v 6 47
v 7 48
v 8 68
v 9 69
v 10 70
v 11 71
v 12 72
v 13 73
v 14 74
v 15 75
v 16 76
v 17 75
v 18 95
v 19 96
v 20 116
v 21 136
v 22 156
v 23 176
v 24 177
v 25 197
v 26 217
v 27 237
v 28 238
v 29 258
v 30 278
v 31 298
e 1 2 0
e 2 3 1
e 3 4 2
e 4 5 3
e 5 6 4
e 6 7 5
e 7 8 6
e 8 9 7
e 9 10 8
e 10 11 9
e 11 12 10
e 12 13 11
e 13 14 12
e 14 15 13
e 15 16 14
e 16 17 15
e 17 18 16
e 18 19 17
e 19 20 18
e 20 21 19
e 21 22 20
e 22 23 21
e 23 24 22
e 24 25 23
e 25 26 24
e 26 27 25
e 27 28 26
e 28 29 27
e 29 30 28
e 30 31 29
