v 1 14
v 2 34
v 3 54
v 4 53
v 5 73
v 6 72
v 7 71
v 8 91
v 9 71
v 10 91
v 11 90
v 12 110
v 13 111
v 14 110
v 15 130
v 16 129
v 17 149
v 18 148
v 19 128
v 20 127
v 21 147
v 22 146
v 23 145
v 24 165
v 25 185
v 26 165
v 27 164
v 28 184
v 29 204
v 30 203
v 31 223
v 32 243
v 33 263
e 1 2 0
e 2 3 1
e 3 4 2
e 4 5 3
e 5 6 4
e 6 7 5
e 7 8 6
e 8 9 7
e 9 10 8
e 10 11 9
e 11 12 10
e 12 13 11
e 13 14 12
e 14 15 13
e 15 16 14
e 16 17 15
e 17 18 16
e 18 19 17
e 19 20 18
e 20 21 19
e 21 22 20
e 22 23 21
e 23 24 22
e 24 25 23
e 25 26 24
e 26 27 25
e 27 28 26
e 28 29 27
e 29 30 28
e 30 31 29
e 31 32 30
e 32 33 31
