v 1 5
v 2 6
v 3 26
v 4 27
v 5 47
v 6 48
v 7 68
v 8 69
v 9 90
v 10 91
v 11 111
v 12 131
v 13 132
v 14 152
v 15 153
v 16 173
v 17 193
v 18 173
v 19 172
v 20 192
v 21 171
v 22 191
v 23 171
v 24 191
v 25 171
v 26 190
v 27 189
v 28 188
v 29 187
v 30 186
v 31 185
v 32 184
v 33 204
v 34 203
v 35 202
e 1 2 0
e 2 3 1
e 3 4 2
e 4 5 3
e 5 6 4
e 6 7 5
e 7 8 6
e 8 9 7
e 9 10 8
e 10 11 9
e 11 12 10
e 12 13 11
e 13 14 12
e 14 15 13
e 15 16 14
e 16 17 15
e 17 18 16
e 18 19 17
e 19 20 18
e 20 21 19
e 21 22 20
e 22 23 21
e 23 24 22
e 24 25 23
e 25 26 24
e 26 27 25
e 27 28 26
e 28 29 27
e 29 30 28
e 30 31 29
e 31 32 30
e 32 33 31
e 33 34 32
e 34 35 33
