v 1 4
v 2 5
v 3 25
v 4 45
v 5 65
v 6 66
v 7 86
v 8 106
v 9 126
v 10 146
v 11 147
v 12 167
v 13 187
v 14 207
v 15 227
v 16 228
v 17 248
v 18 268
v 19 267
v 20 268
v 21 248
v 22 249
v 23 269
v 24 268
v 25 248
v 26 268
v 27 248
v 28 268
v 29 248
v 30 268
v 31 248
v 32 268
v 33 248
v 34 268
v 35 248
v 36 268
v 37 248
v 38 268
v 39 248
v 40 268
v 41 248
v 42 268
v 43 248
v 44 268
v 45 248
v 46 268
v 47 248
v 48 268
v 49 248
v 50 268
v 51 248
v 52 268
v 53 248
v 54 268
v 55 248
v 56 268
v 57 248
v 58 268
v 59 248
v 60 268
v 61 248
v 62 268
v 63 248
v 64 268
v 65 248
v 66 268
v 67 248
v 68 268
v 69 248
v 70 268
v 71 248
v 72 268
v 73 248
v 74 268
v 75 248
v 76 268
v 77 288
e 1 2 0
e 2 3 1
e 3 4 2
e 4 5 3
e 5 6 4
e 6 7 5
e 7 8 6
e 8 9 7
e 9 10 8
e 10 11 9
e 11 12 10
e 12 13 11
e 13 14 12
e 14 15 13
e 15 16 14
e 16 17 15
e 17 18 16
e 18 19 17
e 19 20 18
e 20 21 19
e 21 22 20
e 22 23 21
e 23 24 22
e 24 25 23
e 25 26 24
e 26 27 25
e 27 28 26
e 28 29 27
e 29 30 28
e 30 31 29
e 31 32 30
e 32 33 31
e 33 34 32
e 34 35 33
e 35 36 34
e 36 37 35
e 37 38 36
e 38 39 37
e 39 40 38
e 40 41 39
e 41 42 40
e 42 43 41
e 43 44 42
e 44 45 43
e 45 46 44
e 46 47 45
e 47 48 46
e 48 49 47
e 49 50 48
e 50 51 49
e 51 52 50
e 52 53 51
e 53 54 52
e 54 55 53
e 55 56 54
e 56 57 55
e 57 58 56
e 58 59 57
e 59 60 58
e 60 61 59
e 61 62 60
e 62 63 61
e 63 64 62
e 64 65 63
e 65 66 64
e 66 67 65
e 67 68 66
e 68 69 67
e 69 70 68
e 70 71 69
e 71 72 70
e 72 73 71
e 73 74 72
e 74 75 73
e 75 76 74
e 76 77 75
