v 1 9
v 2 8
v 3 28
v 4 27
v 5 47
v 6 46
v 7 66
v 8 86
v 9 85
v 10 105
v 11 125
v 12 145
v 13 144
v 14 164
v 15 184
v 16 183
v 17 184
v 18 183
v 19 184
v 20 183
v 21 204
v 22 184
v 23 203
v 24 204
v 25 203
v 26 224
v 27 223
v 28 243
v 29 263
e 1 2 0
e 2 3 1
e 3 4 2
e 4 5 3
e 5 6 4
e 6 7 5
e 7 8 6
e 8 9 7
e 9 10 8
e 10 11 9
e 11 12 10
e 12 13 11
e 13 14 12
e 14 15 13
e 15 16 14
e 16 17 15
e 17 18 16
e 18 19 17
e 19 20 18
e 20 21 19
e 21 22 20
e 22 23 21
e 23 24 22
e 24 25 23
e 25 26 24
e 26 27 25
e 27 28 26
e 28 29 27
