v 1 39
v 2 38
v 3 58
v 4 57
v 5 56
v 6 55
v 7 54
v 8 74
v 9 73
v 10 72
v 11 71
v 12 70
v 13 90
v 14 89
v 15 88
v 16 87
v 17 86
v 18 85
v 19 104
v 20 103
v 21 102
v 22 122
v 23 121
v 24 141
v 25 140
v 26 160
v 27 161
v 28 162
v 29 163
v 30 164
v 31 144
v 32 145
v 33 146
v 34 126
v 35 127
v 36 128
v 37 108
v 38 109
v 39 110
v 40 90
v 41 91
v 42 71
v 43 72
v 44 53
v 45 54
v 46 34
v 47 35
v 48 16
v 49 15
e 1 2 0
e 2 3 1
e 3 4 2
e 4 5 3
e 5 6 4
e 6 7 5
e 7 8 6
e 8 9 7
e 9 10 8
e 10 11 9
e 11 12 10
e 12 13 11
e 13 14 12
e 14 15 13
e 15 16 14
e 16 17 15
e 17 18 16
e 18 19 17
e 19 20 18
e 20 21 19
e 21 22 20
e 22 23 21
e 23 24 22
e 24 25 23
e 25 26 24
e 26 27 25
e 27 28 26
e 28 29 27
e 29 30 28
e 30 31 29
e 31 32 30
e 32 33 31
e 33 34 32
e 34 35 33
e 35 36 34
e 36 37 35
e 37 38 36
e 38 39 37
e 39 40 38
e 40 41 39
e 41 42 40
e 42 43 41
e 43 44 42
e 44 45 43
e 45 46 44
e 46 47 45
e 47 48 46
e 48 49 47
