v 1 278
v 2 258
v 3 257
v 4 237
v 5 236
v 6 216
v 7 215
v 8 195
v 9 194
v 10 174
v 11 173
v 12 153
v 13 132
v 14 112
v 15 111
v 16 91
v 17 90
v 18 70
v 19 69
v 20 49
v 21 48
v 22 28
v 23 48
v 24 68
v 25 88
v 26 87
v 27 88
v 28 108
v 29 128
v 30 127
v 31 128
v 32 148
v 33 168
v 34 188
v 35 207
v 36 208
v 37 227
v 38 247
v 39 267
v 40 266
v 41 246
v 42 247
v 43 267
v 44 266
v 45 246
v 46 226
v 47 206
v 48 186
v 49 166
v 50 146
v 51 126
v 52 106
v 53 87
v 54 86
v 55 87
v 56 67
v 57 47
v 58 28
v 59 8
v 60 9
e 1 2 0
e 2 3 1
e 3 4 2
e 4 5 3
e 5 6 4
e 6 7 5
e 7 8 6
e 8 9 7
e 9 10 8
e 10 11 9
e 11 12 10
e 12 13 11
e 13 14 12
e 14 15 13
e 15 16 14
e 16 17 15
e 17 18 16
e 18 19 17
e 19 20 18
e 20 21 19
e 21 22 20
e 22 23 21
e 23 24 22
e 24 25 23
e 25 26 24
e 26 27 25
e 27 28 26
e 28 29 27
e 29 30 28
e 30 31 29
e 31 32 30
e 32 33 31
e 33 34 32
e 34 35 33
e 35 36 34
e 36 37 35
e 37 38 36
e 38 39 37
e 39 40 38
e 40 41 39
e 41 42 40
e 42 43 41
e 43 44 42
e 44 45 43
e 45 46 44
e 46 47 45
e 47 48 46
e 48 49 47
e 49 50 48
e 50 51 49
e 51 52 50
e 52 53 51
e 53 54 52
e 54 55 53
e 55 56 54
e 56 57 55
e 57 58 56
e 58 59 57
e 59 60 58
