v 1 6
v 2 26
v 3 46
v 4 66
v 5 86
v 6 105
v 7 125
v 8 145
v 9 165
v 10 185
v 11 184
v 12 204
v 13 224
v 14 223
v 15 243
v 16 263
v 17 264
v 18 244
v 19 245
v 20 225
v 21 206
v 22 187
v 23 168
v 24 149
v 25 129
v 26 130
v 27 111
v 28 91
v 29 92
v 30 72
v 31 73
v 32 53
v 33 54
v 34 34
v 35 35
v 36 15
v 37 16
v 38 15
e 1 2 0
e 2 3 1
e 3 4 2
e 4 5 3
e 5 6 4
e 6 7 5
e 7 8 6
e 8 9 7
e 9 10 8
e 10 11 9
e 11 12 10
e 12 13 11
e 13 14 12
e 14 15 13
e 15 16 14
e 16 17 15
e 17 18 16
e 18 19 17
e 19 20 18
e 20 21 19
e 21 22 20
e 22 23 21
e 23 24 22
e 24 25 23
e 25 26 24
e 26 27 25
e 27 28 26
e 28 29 27
e 29 30 28
e 30 31 29
e 31 32 30
e 32 33 31
e 33 34 32
e 34 35 33
e 35 36 34
e 36 37 35
e 37 38 36
