v 1 179
v 2 159
v 3 139
v 4 119
v 5 139
v 6 159
v 7 179
v 8 199
v 9 219
v 10 199
v 11 219
v 12 239
v 13 238
v 14 237
v 15 217
v 16 198
v 17 178
v 18 177
v 19 176
v 20 156
v 21 155
v 22 135
v 23 134
v 24 114
v 25 113
v 26 93
v 27 92
v 28 91
v 29 71
v 30 70
v 31 50
v 32 49
v 33 28
v 34 7
e 1 2 0
e 2 3 1
e 3 4 2
e 4 5 3
e 5 6 4
e 6 7 5
e 7 8 6
e 8 9 7
e 9 10 8
e 10 11 9
e 11 12 10
e 12 13 11
e 13 14 12
e 14 15 13
e 15 16 14
e 16 17 15
e 17 18 16
e 18 19 17
e 19 20 18
e 20 21 19
e 21 22 20
e 22 23 21
e 23 24 22
e 24 25 23
e 25 26 24
e 26 27 25
e 27 28 26
e 28 29 27
e 29 30 28
e 30 31 29
e 31 32 30
e 32 33 31
e 33 34 32
