v 1 7
v 2 8
v 3 28
v 4 49
v 5 70
v 6 91
v 7 111
v 8 112
v 9 132
v 10 152
v 11 153
v 12 173
v 13 174
v 14 154
v 15 134
v 16 135
v 17 134
v 18 114
v 19 113
v 20 93
v 21 72
v 22 71
v 23 50
v 24 49
v 25 29
v 26 28
v 27 8
v 28 7
v 29 8
e 1 2 0
e 2 3 1
e 3 4 2
e 4 5 3
e 5 6 4
e 6 7 5
e 7 8 6
e 8 9 7
e 9 10 8
e 10 11 9
e 11 12 10
e 12 13 11
e 13 14 12
e 14 15 13
e 15 16 14
e 16 17 15
e 17 18 16
e 18 19 17
e 19 20 18
e 20 21 19
e 21 22 20
e 22 23 21
e 23 24 22
e 24 25 23
e 25 26 24
e 26 27 25
e 27 28 26
e 28 29 27
