v 1 19
v 2 39
v 3 38
v 4 39
v 5 38
v 6 39
v 7 38
v 8 58
v 9 57
v 10 77
v 11 76
v 12 75
v 13 95
v 14 94
v 15 93
v 16 92
v 17 91
v 18 90
v 19 89
v 20 88
v 21 87
v 22 67
v 23 66
v 24 65
v 25 64
v 26 44
v 27 24
v 28 23
v 29 3
e 1 2 0
e 2 3 1
e 3 4 2
e 4 5 3
e 5 6 4
e 6 7 5
e 7 8 6
e 8 9 7
e 9 10 8
e 10 11 9
e 11 12 10
e 12 13 11
e 13 14 12
e 14 15 13
e 15 16 14
e 16 17 15
e 17 18 16
e 18 19 17
e 19 20 18
e 20 21 19
e 21 22 20
e 22 23 21
e 23 24 22
e 24 25 23
e 25 26 24
e 26 27 25
e 27 28 26
e 28 29 27
