v 1 3
v 2 23
v 3 24
v 4 44
v 5 45
v 6 65
v 7 66
v 8 86
v 9 87
v 10 88
v 11 108
v 12 109
v 13 110
v 14 130
v 15 131
v 16 151
v 17 152
v 18 172
v 19 171
v 20 191
v 21 192
v 22 212
v 23 213
v 24 233
v 25 234
v 26 235
v 27 255
v 28 256
v 29 257
v 30 277
v 31 278
v 32 279
v 33 299
v 34 298
e 1 2 0
e 2 3 1
e 3 4 2
e 4 5 3
e 5 6 4
e 6 7 5
e 7 8 6
e 8 9 7
e 9 10 8
e 10 11 9
e 11 12 10
e 12 13 11
e 13 14 12
e 14 15 13
e 15 16 14
e 16 17 15
e 17 18 16
e 18 19 17
e 19 20 18
e 20 21 19
e 21 22 20
e 22 23 21
e 23 24 22
e 24 25 23
e 25 26 24
e 26 27 25
e 27 28 26
e 28 29 27
e 29 30 28
e 30 31 29
e 31 32 30
e 32 33 31
e 33 34 32
