v 1 40
v 2 60
v 3 61
v 4 60
v 5 81
v 6 80
v 7 81
v 8 101
v 9 121
v 10 122
v 11 121
v 12 122
v 13 142
v 14 122
v 15 141
v 16 142
v 17 162
v 18 142
v 19 162
v 20 163
v 21 162
v 22 163
v 23 183
v 24 203
v 25 204
v 26 203
v 27 223
v 28 243
v 29 263
e 1 2 0
e 2 3 1
e 3 4 2
e 4 5 3
e 5 6 4
e 6 7 5
e 7 8 6
e 8 9 7
e 9 10 8
e 10 11 9
e 11 12 10
e 12 13 11
e 13 14 12
e 14 15 13
e 15 16 14
e 16 17 15
e 17 18 16
e 18 19 17
e 19 20 18
e 20 21 19
e 21 22 20
e 22 23 21
e 23 24 22
e 24 25 23
e 25 26 24
e 26 27 25
e 27 28 26
e 28 29 27
