v 1 5
v 2 6
v 3 26
v 4 27
v 5 48
v 6 49
v 7 29
v 8 30
v 9 29
v 10 49
v 11 29
v 12 49
v 13 29
v 14 49
v 15 29
v 16 49
v 17 29
v 18 49
v 19 29
v 20 49
v 21 50
v 22 49
v 23 50
v 24 49
v 25 50
v 26 49
v 27 69
v 28 68
v 29 67
v 30 47
v 31 46
v 32 47
v 33 48
v 34 49
v 35 50
v 36 30
v 37 50
v 38 30
v 39 50
v 40 49
v 41 29
v 42 28
v 43 27
v 44 6
v 45 5
v 46 4
e 1 2 0
e 2 3 1
e 3 4 2
e 4 5 3
e 5 6 4
e 6 7 5
e 7 8 6
e 8 9 7
e 9 10 8
e 10 11 9
e 11 12 10
e 12 13 11
e 13 14 12
e 14 15 13
e 15 16 14
e 16 17 15
e 17 18 16
e 18 19 17
e 19 20 18
e 20 21 19
e 21 22 20
e 22 23 21
e 23 24 22
e 24 25 23
e 25 26 24
e 26 27 25
e 27 28 26
e 28 29 27
e 29 30 28
e 30 31 29
e 31 32 30
e 32 33 31
e 33 34 32
e 34 35 33
e 35 36 34
e 36 37 35
e 37 38 36
e 38 39 37
e 39 40 38
e 40 41 39
e 41 42 40
e 42 43 41
e 43 44 42
e 44 45 43
e 45 46 44
