v 1 7
v 2 27
v 3 26
v 4 46
v 5 66
v 6 86
v 7 85
v 8 105
v 9 125
v 10 124
v 11 144
v 12 145
v 13 165
v 14 166
v 15 167
v 16 168
v 17 188
v 18 189
v 19 190
v 20 191
v 21 192
v 22 193
v 23 192
v 24 191
v 25 190
v 26 189
v 27 188
v 28 208
v 29 207
v 30 206
v 31 205
v 32 204
v 33 203
v 34 202
e 1 2 0
e 2 3 1
e 3 4 2
e 4 5 3
e 5 6 4
e 6 7 5
e 7 8 6
e 8 9 7
e 9 10 8
e 10 11 9
e 11 12 10
e 12 13 11
e 13 14 12
e 14 15 13
e 15 16 14
e 16 17 15
e 17 18 16
e 18 19 17
e 19 20 18
e 20 21 19
e 21 22 20
e 22 23 21
e 23 24 22
e 24 25 23
e 25 26 24
e 26 27 25
e 27 28 26
e 28 29 27
e 29 30 28
e 30 31 29
e 31 32 30
e 32 33 31
e 33 34 32
