v 1 120
v 2 121
v 3 122
v 4 102
v 5 103
v 6 104
v 7 105
v 8 106
v 9 107
v 10 108
v 11 128
v 12 129
v 13 149
v 14 150
v 15 151
v 16 152
v 17 172
v 18 173
v 19 174
v 20 173
v 21 174
v 22 194
v 23 174
v 24 175
v 25 155
v 26 154
v 27 153
v 28 152
v 29 151
v 30 131
v 31 130
v 32 150
v 33 149
v 34 148
v 35 147
v 36 146
v 37 165
v 38 164
v 39 184
v 40 183
e 1 2 0
e 2 3 1
e 3 4 2
e 4 5 3
e 5 6 4
e 6 7 5
e 7 8 6
e 8 9 7
e 9 10 8
e 10 11 9
e 11 12 10
e 12 13 11
e 13 14 12
e 14 15 13
e 15 16 14
e 16 17 15
e 17 18 16
e 18 19 17
e 19 20 18
e 20 21 19
e 21 22 20
e 22 23 21
e 23 24 22
e 24 25 23
e 25 26 24
e 26 27 25
e 27 28 26
e 28 29 27
e 29 30 28
e 30 31 29
e 31 32 30
e 32 33 31
e 33 34 32
e 34 35 33
e 35 36 34
e 36 37 35
e 37 38 36
e 38 39 37
e 39 40 38
