v 1 263
v 2 243
v 3 223
v 4 224
v 5 204
v 6 184
v 7 164
v 8 144
v 9 124
v 10 104
v 11 84
v 12 64
v 13 65
v 14 64
v 15 65
v 16 64
v 17 45
v 18 44
v 19 45
v 20 25
v 21 24
v 22 25
v 23 24
v 24 4
v 25 5
v 26 6
v 27 5
v 28 6
v 29 5
v 30 25
v 31 24
v 32 44
v 33 43
v 34 63
v 35 62
v 36 82
v 37 81
v 38 61
v 39 81
v 40 80
v 41 81
v 42 80
e 1 2 0
e 2 3 1
e 3 4 2
e 4 5 3
e 5 6 4
e 6 7 5
e 7 8 6
e 8 9 7
e 9 10 8
e 10 11 9
e 11 12 10
e 12 13 11
e 13 14 12
e 14 15 13
e 15 16 14
e 16 17 15
e 17 18 16
e 18 19 17
e 19 20 18
e 20 21 19
e 21 22 20
e 22 23 21
e 23 24 22
e 24 25 23
e 25 26 24
e 26 27 25
e 27 28 26
e 28 29 27
e 29 30 28
e 30 31 29
e 31 32 30
e 32 33 31
e 33 34 32
e 34 35 33
e 35 36 34
e 36 37 35
e 37 38 36
e 38 39 37
e 39 40 38
e 40 41 39
e 41 42 40
